reference_date,horizon,target,target_end_date,location,output_type,output_type_id,value
2023-11-04,1,wk inc hosp,2023-11-11,01,quantile,0.01,0
2023-11-04,1,wk inc hosp,2023-11-11,01,quantile,0.025,0
2023-11-04,1,wk inc hosp,2023-11-11,01,quantile,0.05,0
2023-11-04,1,wk inc hosp,2023-11-11,01,quantile,0.1,5.653989539895402
2023-11-04,1,wk inc hosp,2023-11-11,01,quantile,0.15,13.134666346663465
2023-11-04,1,wk inc hosp,2023-11-11,01,quantile,0.2,18
2023-11-04,1,wk inc hosp,2023-11-11,01,quantile,0.25,21
2023-11-04,1,wk inc hosp,2023-11-11,01,quantile,0.3,24
2023-11-04,1,wk inc hosp,2023-11-11,01,quantile,0.35,26
2023-11-04,1,wk inc hosp,2023-11-11,01,quantile,0.4,28
2023-11-04,1,wk inc hosp,2023-11-11,01,quantile,0.45,30
2023-11-04,1,wk inc hosp,2023-11-11,01,quantile,0.5,32
2023-11-04,1,wk inc hosp,2023-11-11,01,quantile,0.55,34
2023-11-04,1,wk inc hosp,2023-11-11,01,quantile,0.6,36
2023-11-04,1,wk inc hosp,2023-11-11,01,quantile,0.65,38
2023-11-04,1,wk inc hosp,2023-11-11,01,quantile,0.7,40.06512365123648
2023-11-04,1,wk inc hosp,2023-11-11,01,quantile,0.75,43
2023-11-04,1,wk inc hosp,2023-11-11,01,quantile,0.8,46.36156961569618
2023-11-04,1,wk inc hosp,2023-11-11,01,quantile,0.85,51.44746747467476
2023-11-04,1,wk inc hosp,2023-11-11,01,quantile,0.9,62.403163031630406
2023-11-04,1,wk inc hosp,2023-11-11,01,quantile,0.95,101.88553235532333
2023-11-04,1,wk inc hosp,2023-11-11,01,quantile,0.975,139.8308005580054
2023-11-04,1,wk inc hosp,2023-11-11,01,quantile,0.99,156.82598685986858
2023-11-04,1,wk inc hosp,2023-11-11,02,quantile,0.01,2.6803600036000383
2023-11-04,1,wk inc hosp,2023-11-11,02,quantile,0.025,6.9620303703037045
2023-11-04,1,wk inc hosp,2023-11-11,02,quantile,0.05,13
2023-11-04,1,wk inc hosp,2023-11-11,02,quantile,0.1,20
2023-11-04,1,wk inc hosp,2023-11-11,02,quantile,0.15,23.643810938109375
2023-11-04,1,wk inc hosp,2023-11-11,02,quantile,0.2,25
2023-11-04,1,wk inc hosp,2023-11-11,02,quantile,0.25,26.016697666976672
2023-11-04,1,wk inc hosp,2023-11-11,02,quantile,0.3,27
2023-11-04,1,wk inc hosp,2023-11-11,02,quantile,0.35,28
2023-11-04,1,wk inc hosp,2023-11-11,02,quantile,0.4,29
2023-11-04,1,wk inc hosp,2023-11-11,02,quantile,0.45,29
2023-11-04,1,wk inc hosp,2023-11-11,02,quantile,0.5,30
2023-11-04,1,wk inc hosp,2023-11-11,02,quantile,0.55,31
2023-11-04,1,wk inc hosp,2023-11-11,02,quantile,0.6,31
2023-11-04,1,wk inc hosp,2023-11-11,02,quantile,0.65,32
2023-11-04,1,wk inc hosp,2023-11-11,02,quantile,0.7,33
2023-11-04,1,wk inc hosp,2023-11-11,02,quantile,0.75,33.88385133851338
2023-11-04,1,wk inc hosp,2023-11-11,02,quantile,0.8,35
2023-11-04,1,wk inc hosp,2023-11-11,02,quantile,0.85,36.2462994629946
2023-11-04,1,wk inc hosp,2023-11-11,02,quantile,0.9,40
2023-11-04,1,wk inc hosp,2023-11-11,02,quantile,0.95,47
2023-11-04,1,wk inc hosp,2023-11-11,02,quantile,0.975,53.02606176061762
2023-11-04,1,wk inc hosp,2023-11-11,02,quantile,0.99,57.47051870518704
2023-11-04,1,wk inc hosp,2023-11-11,04,quantile,0.01,0
2023-11-04,1,wk inc hosp,2023-11-11,04,quantile,0.025,0
2023-11-04,1,wk inc hosp,2023-11-11,04,quantile,0.05,0
2023-11-04,1,wk inc hosp,2023-11-11,04,quantile,0.1,0.43282832828328016
2023-11-04,1,wk inc hosp,2023-11-11,04,quantile,0.15,13
2023-11-04,1,wk inc hosp,2023-11-11,04,quantile,0.2,22.91516915169153
2023-11-04,1,wk inc hosp,2023-11-11,04,quantile,0.25,29.539350393503934
2023-11-04,1,wk inc hosp,2023-11-11,04,quantile,0.3,35
2023-11-04,1,wk inc hosp,2023-11-11,04,quantile,0.35,39
2023-11-04,1,wk inc hosp,2023-11-11,04,quantile,0.4,43
2023-11-04,1,wk inc hosp,2023-11-11,04,quantile,0.45,46
2023-11-04,1,wk inc hosp,2023-11-11,04,quantile,0.5,49
2023-11-04,1,wk inc hosp,2023-11-11,04,quantile,0.55,52
2023-11-04,1,wk inc hosp,2023-11-11,04,quantile,0.6,55.0740847408474
2023-11-04,1,wk inc hosp,2023-11-11,04,quantile,0.65,59
2023-11-04,1,wk inc hosp,2023-11-11,04,quantile,0.7,63.44031840318401
2023-11-04,1,wk inc hosp,2023-11-11,04,quantile,0.75,69
2023-11-04,1,wk inc hosp,2023-11-11,04,quantile,0.8,76.00314403144033
2023-11-04,1,wk inc hosp,2023-11-11,04,quantile,0.85,87.55313403134029
2023-11-04,1,wk inc hosp,2023-11-11,04,quantile,0.9,109.83371533715346
2023-11-04,1,wk inc hosp,2023-11-11,04,quantile,0.95,215.05181001809964
2023-11-04,1,wk inc hosp,2023-11-11,04,quantile,0.975,275.78142731427386
2023-11-04,1,wk inc hosp,2023-11-11,04,quantile,0.99,313.65403514035137
2023-11-04,1,wk inc hosp,2023-11-11,05,quantile,0.01,0
2023-11-04,1,wk inc hosp,2023-11-11,05,quantile,0.025,0
2023-11-04,1,wk inc hosp,2023-11-11,05,quantile,0.05,0
2023-11-04,1,wk inc hosp,2023-11-11,05,quantile,0.1,0
2023-11-04,1,wk inc hosp,2023-11-11,05,quantile,0.15,0
2023-11-04,1,wk inc hosp,2023-11-11,05,quantile,0.2,1.5099030990309938
2023-11-04,1,wk inc hosp,2023-11-11,05,quantile,0.25,4
2023-11-04,1,wk inc hosp,2023-11-11,05,quantile,0.3,6
2023-11-04,1,wk inc hosp,2023-11-11,05,quantile,0.35,8
2023-11-04,1,wk inc hosp,2023-11-11,05,quantile,0.4,10
2023-11-04,1,wk inc hosp,2023-11-11,05,quantile,0.45,11.843931939319393
2023-11-04,1,wk inc hosp,2023-11-11,05,quantile,0.5,13
2023-11-04,1,wk inc hosp,2023-11-11,05,quantile,0.55,15
2023-11-04,1,wk inc hosp,2023-11-11,05,quantile,0.6,17
2023-11-04,1,wk inc hosp,2023-11-11,05,quantile,0.65,18.91927119271194
2023-11-04,1,wk inc hosp,2023-11-11,05,quantile,0.7,21
2023-11-04,1,wk inc hosp,2023-11-11,05,quantile,0.75,23.603321033210328
2023-11-04,1,wk inc hosp,2023-11-11,05,quantile,0.8,27
2023-11-04,1,wk inc hosp,2023-11-11,05,quantile,0.85,32.91856718567183
2023-11-04,1,wk inc hosp,2023-11-11,05,quantile,0.9,47
2023-11-04,1,wk inc hosp,2023-11-11,05,quantile,0.95,70.56545415454148
2023-11-04,1,wk inc hosp,2023-11-11,05,quantile,0.975,95.4448016980168
2023-11-04,1,wk inc hosp,2023-11-11,05,quantile,0.99,139.43571325713395
2023-11-04,1,wk inc hosp,2023-11-11,06,quantile,0.01,0
2023-11-04,1,wk inc hosp,2023-11-11,06,quantile,0.025,0
2023-11-04,1,wk inc hosp,2023-11-11,06,quantile,0.05,0
2023-11-04,1,wk inc hosp,2023-11-11,06,quantile,0.1,0
2023-11-04,1,wk inc hosp,2023-11-11,06,quantile,0.15,14.381346313463117
2023-11-04,1,wk inc hosp,2023-11-11,06,quantile,0.2,33.48831488314884
2023-11-04,1,wk inc hosp,2023-11-11,06,quantile,0.25,46
2023-11-04,1,wk inc hosp,2023-11-11,06,quantile,0.3,54.013254132541306
2023-11-04,1,wk inc hosp,2023-11-11,06,quantile,0.35,61
2023-11-04,1,wk inc hosp,2023-11-11,06,quantile,0.4,66
2023-11-04,1,wk inc hosp,2023-11-11,06,quantile,0.45,71.21149861498616
2023-11-04,1,wk inc hosp,2023-11-11,06,quantile,0.5,76
2023-11-04,1,wk inc hosp,2023-11-11,06,quantile,0.55,81
2023-11-04,1,wk inc hosp,2023-11-11,06,quantile,0.6,86.06240662406623
2023-11-04,1,wk inc hosp,2023-11-11,06,quantile,0.65,91.8429209292093
2023-11-04,1,wk inc hosp,2023-11-11,06,quantile,0.7,98.47546375463756
2023-11-04,1,wk inc hosp,2023-11-11,06,quantile,0.75,107.28564785647856
2023-11-04,1,wk inc hosp,2023-11-11,06,quantile,0.8,121.00058200582009
2023-11-04,1,wk inc hosp,2023-11-11,06,quantile,0.85,144.90925159251594
2023-11-04,1,wk inc hosp,2023-11-11,06,quantile,0.9,223.98719187191858
2023-11-04,1,wk inc hosp,2023-11-11,06,quantile,0.95,585.6815508155081
2023-11-04,1,wk inc hosp,2023-11-11,06,quantile,0.975,772.0834423344235
2023-11-04,1,wk inc hosp,2023-11-11,06,quantile,0.99,906.1733750337459
2023-11-04,1,wk inc hosp,2023-11-11,08,quantile,0.01,0
2023-11-04,1,wk inc hosp,2023-11-11,08,quantile,0.025,0
2023-11-04,1,wk inc hosp,2023-11-11,08,quantile,0.05,0
2023-11-04,1,wk inc hosp,2023-11-11,08,quantile,0.1,0
2023-11-04,1,wk inc hosp,2023-11-11,08,quantile,0.15,0
2023-11-04,1,wk inc hosp,2023-11-11,08,quantile,0.2,3.0014920149201476
2023-11-04,1,wk inc hosp,2023-11-11,08,quantile,0.25,7
2023-11-04,1,wk inc hosp,2023-11-11,08,quantile,0.3,10
2023-11-04,1,wk inc hosp,2023-11-11,08,quantile,0.35,13
2023-11-04,1,wk inc hosp,2023-11-11,08,quantile,0.4,15.140039400394013
2023-11-04,1,wk inc hosp,2023-11-11,08,quantile,0.45,17
2023-11-04,1,wk inc hosp,2023-11-11,08,quantile,0.5,19
2023-11-04,1,wk inc hosp,2023-11-11,08,quantile,0.55,21
2023-11-04,1,wk inc hosp,2023-11-11,08,quantile,0.6,23
2023-11-04,1,wk inc hosp,2023-11-11,08,quantile,0.65,25.861845118451193
2023-11-04,1,wk inc hosp,2023-11-11,08,quantile,0.7,29
2023-11-04,1,wk inc hosp,2023-11-11,08,quantile,0.75,32.90394153941541
2023-11-04,1,wk inc hosp,2023-11-11,08,quantile,0.8,37.60504205042052
2023-11-04,1,wk inc hosp,2023-11-11,08,quantile,0.85,46.64240392403926
2023-11-04,1,wk inc hosp,2023-11-11,08,quantile,0.9,61
2023-11-04,1,wk inc hosp,2023-11-11,08,quantile,0.95,84.85395953959538
2023-11-04,1,wk inc hosp,2023-11-11,08,quantile,0.975,105.85063625636265
2023-11-04,1,wk inc hosp,2023-11-11,08,quantile,0.99,129.53303403033937
2023-11-04,1,wk inc hosp,2023-11-11,09,quantile,0.01,0
2023-11-04,1,wk inc hosp,2023-11-11,09,quantile,0.025,0
2023-11-04,1,wk inc hosp,2023-11-11,09,quantile,0.05,0
2023-11-04,1,wk inc hosp,2023-11-11,09,quantile,0.1,0
2023-11-04,1,wk inc hosp,2023-11-11,09,quantile,0.15,0
2023-11-04,1,wk inc hosp,2023-11-11,09,quantile,0.2,0
2023-11-04,1,wk inc hosp,2023-11-11,09,quantile,0.25,1
2023-11-04,1,wk inc hosp,2023-11-11,09,quantile,0.3,2.255646556465543
2023-11-04,1,wk inc hosp,2023-11-11,09,quantile,0.35,4
2023-11-04,1,wk inc hosp,2023-11-11,09,quantile,0.4,5
2023-11-04,1,wk inc hosp,2023-11-11,09,quantile,0.45,6
2023-11-04,1,wk inc hosp,2023-11-11,09,quantile,0.5,7
2023-11-04,1,wk inc hosp,2023-11-11,09,quantile,0.55,8.329062290622907
2023-11-04,1,wk inc hosp,2023-11-11,09,quantile,0.6,10
2023-11-04,1,wk inc hosp,2023-11-11,09,quantile,0.65,11
2023-11-04,1,wk inc hosp,2023-11-11,09,quantile,0.7,13
2023-11-04,1,wk inc hosp,2023-11-11,09,quantile,0.75,15
2023-11-04,1,wk inc hosp,2023-11-11,09,quantile,0.8,18
2023-11-04,1,wk inc hosp,2023-11-11,09,quantile,0.85,22.794989949899488
2023-11-04,1,wk inc hosp,2023-11-11,09,quantile,0.9,32.23186031860317
2023-11-04,1,wk inc hosp,2023-11-11,09,quantile,0.95,60.42991279912765
2023-11-04,1,wk inc hosp,2023-11-11,09,quantile,0.975,94.01211887118848
2023-11-04,1,wk inc hosp,2023-11-11,09,quantile,0.99,136.57888738887291
2023-11-04,1,wk inc hosp,2023-11-11,10,quantile,0.01,0
2023-11-04,1,wk inc hosp,2023-11-11,10,quantile,0.025,0
2023-11-04,1,wk inc hosp,2023-11-11,10,quantile,0.05,0
2023-11-04,1,wk inc hosp,2023-11-11,10,quantile,0.1,0
2023-11-04,1,wk inc hosp,2023-11-11,10,quantile,0.15,0
2023-11-04,1,wk inc hosp,2023-11-11,10,quantile,0.2,0
2023-11-04,1,wk inc hosp,2023-11-11,10,quantile,0.25,0
2023-11-04,1,wk inc hosp,2023-11-11,10,quantile,0.3,0
2023-11-04,1,wk inc hosp,2023-11-11,10,quantile,0.35,0
2023-11-04,1,wk inc hosp,2023-11-11,10,quantile,0.4,1
2023-11-04,1,wk inc hosp,2023-11-11,10,quantile,0.45,1
2023-11-04,1,wk inc hosp,2023-11-11,10,quantile,0.5,1
2023-11-04,1,wk inc hosp,2023-11-11,10,quantile,0.55,2
2023-11-04,1,wk inc hosp,2023-11-11,10,quantile,0.6,2
2023-11-04,1,wk inc hosp,2023-11-11,10,quantile,0.65,3
2023-11-04,1,wk inc hosp,2023-11-11,10,quantile,0.7,3
2023-11-04,1,wk inc hosp,2023-11-11,10,quantile,0.75,4
2023-11-04,1,wk inc hosp,2023-11-11,10,quantile,0.8,5.264682646826458
2023-11-04,1,wk inc hosp,2023-11-11,10,quantile,0.85,7
2023-11-04,1,wk inc hosp,2023-11-11,10,quantile,0.9,9.759464594645953
2023-11-04,1,wk inc hosp,2023-11-11,10,quantile,0.95,23.77301523015224
2023-11-04,1,wk inc hosp,2023-11-11,10,quantile,0.975,38.518102931029226
2023-11-04,1,wk inc hosp,2023-11-11,10,quantile,0.99,49.01785617856177
2023-11-04,1,wk inc hosp,2023-11-11,11,quantile,0.01,0
2023-11-04,1,wk inc hosp,2023-11-11,11,quantile,0.025,0
2023-11-04,1,wk inc hosp,2023-11-11,11,quantile,0.05,0
2023-11-04,1,wk inc hosp,2023-11-11,11,quantile,0.1,0
2023-11-04,1,wk inc hosp,2023-11-11,11,quantile,0.15,0
2023-11-04,1,wk inc hosp,2023-11-11,11,quantile,0.2,0
2023-11-04,1,wk inc hosp,2023-11-11,11,quantile,0.25,0
2023-11-04,1,wk inc hosp,2023-11-11,11,quantile,0.3,0
2023-11-04,1,wk inc hosp,2023-11-11,11,quantile,0.35,0
2023-11-04,1,wk inc hosp,2023-11-11,11,quantile,0.4,1
2023-11-04,1,wk inc hosp,2023-11-11,11,quantile,0.45,1
2023-11-04,1,wk inc hosp,2023-11-11,11,quantile,0.5,1
2023-11-04,1,wk inc hosp,2023-11-11,11,quantile,0.55,2
2023-11-04,1,wk inc hosp,2023-11-11,11,quantile,0.6,2
2023-11-04,1,wk inc hosp,2023-11-11,11,quantile,0.65,2
2023-11-04,1,wk inc hosp,2023-11-11,11,quantile,0.7,3
2023-11-04,1,wk inc hosp,2023-11-11,11,quantile,0.75,3
2023-11-04,1,wk inc hosp,2023-11-11,11,quantile,0.8,4
2023-11-04,1,wk inc hosp,2023-11-11,11,quantile,0.85,5
2023-11-04,1,wk inc hosp,2023-11-11,11,quantile,0.9,7.9424424244242555
2023-11-04,1,wk inc hosp,2023-11-11,11,quantile,0.95,13.504723547235452
2023-11-04,1,wk inc hosp,2023-11-11,11,quantile,0.975,20.56517565175653
2023-11-04,1,wk inc hosp,2023-11-11,11,quantile,0.99,23.40905749057482
2023-11-04,1,wk inc hosp,2023-11-11,12,quantile,0.01,21.458323783237816
2023-11-04,1,wk inc hosp,2023-11-11,12,quantile,0.025,103.14334293342935
2023-11-04,1,wk inc hosp,2023-11-11,12,quantile,0.05,139
2023-11-04,1,wk inc hosp,2023-11-11,12,quantile,0.1,187.21827018270181
2023-11-04,1,wk inc hosp,2023-11-11,12,quantile,0.15,226.3268267682676
2023-11-04,1,wk inc hosp,2023-11-11,12,quantile,0.2,250.6838808388084
2023-11-04,1,wk inc hosp,2023-11-11,12,quantile,0.25,267.3421684216843
2023-11-04,1,wk inc hosp,2023-11-11,12,quantile,0.3,280.92182821828214
2023-11-04,1,wk inc hosp,2023-11-11,12,quantile,0.35,291.32691576915767
2023-11-04,1,wk inc hosp,2023-11-11,12,quantile,0.4,299.40007200072006
2023-11-04,1,wk inc hosp,2023-11-11,12,quantile,0.45,306.3329138291383
2023-11-04,1,wk inc hosp,2023-11-11,12,quantile,0.5,313
2023-11-04,1,wk inc hosp,2023-11-11,12,quantile,0.55,319.61176661766615
2023-11-04,1,wk inc hosp,2023-11-11,12,quantile,0.6,326.6906749067491
2023-11-04,1,wk inc hosp,2023-11-11,12,quantile,0.65,334.77447124471246
2023-11-04,1,wk inc hosp,2023-11-11,12,quantile,0.7,345.09453194531943
2023-11-04,1,wk inc hosp,2023-11-11,12,quantile,0.75,358.90955659556596
2023-11-04,1,wk inc hosp,2023-11-11,12,quantile,0.8,374.97677376773765
2023-11-04,1,wk inc hosp,2023-11-11,12,quantile,0.85,399.6083045830458
2023-11-04,1,wk inc hosp,2023-11-11,12,quantile,0.9,438.7140351403514
2023-11-04,1,wk inc hosp,2023-11-11,12,quantile,0.95,487.13546235462354
2023-11-04,1,wk inc hosp,2023-11-11,12,quantile,0.975,524.7831710817106
2023-11-04,1,wk inc hosp,2023-11-11,12,quantile,0.99,614.7735280352791
2023-11-04,1,wk inc hosp,2023-11-11,13,quantile,0.01,0
2023-11-04,1,wk inc hosp,2023-11-11,13,quantile,0.025,0
2023-11-04,1,wk inc hosp,2023-11-11,13,quantile,0.05,1.6248422484224923
2023-11-04,1,wk inc hosp,2023-11-11,13,quantile,0.1,12.038742387423877
2023-11-04,1,wk inc hosp,2023-11-11,13,quantile,0.15,18.097963979639793
2023-11-04,1,wk inc hosp,2023-11-11,13,quantile,0.2,22.927411274112742
2023-11-04,1,wk inc hosp,2023-11-11,13,quantile,0.25,26.027050270502706
2023-11-04,1,wk inc hosp,2023-11-11,13,quantile,0.3,29.308148081480805
2023-11-04,1,wk inc hosp,2023-11-11,13,quantile,0.35,32.16284412844128
2023-11-04,1,wk inc hosp,2023-11-11,13,quantile,0.4,35
2023-11-04,1,wk inc hosp,2023-11-11,13,quantile,0.45,37.714261642616435
2023-11-04,1,wk inc hosp,2023-11-11,13,quantile,0.5,40
2023-11-04,1,wk inc hosp,2023-11-11,13,quantile,0.55,42.09949349493494
2023-11-04,1,wk inc hosp,2023-11-11,13,quantile,0.6,45
2023-11-04,1,wk inc hosp,2023-11-11,13,quantile,0.65,47.647611476114776
2023-11-04,1,wk inc hosp,2023-11-11,13,quantile,0.7,50.58373183731837
2023-11-04,1,wk inc hosp,2023-11-11,13,quantile,0.75,54
2023-11-04,1,wk inc hosp,2023-11-11,13,quantile,0.8,57.36413364133641
2023-11-04,1,wk inc hosp,2023-11-11,13,quantile,0.85,62
2023-11-04,1,wk inc hosp,2023-11-11,13,quantile,0.9,68.3327493274933
2023-11-04,1,wk inc hosp,2023-11-11,13,quantile,0.95,81.0693806938069
2023-11-04,1,wk inc hosp,2023-11-11,13,quantile,0.975,100.81684991849924
2023-11-04,1,wk inc hosp,2023-11-11,13,quantile,0.99,121.7365195651954
2023-11-04,1,wk inc hosp,2023-11-11,15,quantile,0.01,0
2023-11-04,1,wk inc hosp,2023-11-11,15,quantile,0.025,1.5095073450734524
2023-11-04,1,wk inc hosp,2023-11-11,15,quantile,0.05,5
2023-11-04,1,wk inc hosp,2023-11-11,15,quantile,0.1,7.528375283752842
2023-11-04,1,wk inc hosp,2023-11-11,15,quantile,0.15,9
2023-11-04,1,wk inc hosp,2023-11-11,15,quantile,0.2,10
2023-11-04,1,wk inc hosp,2023-11-11,15,quantile,0.25,11
2023-11-04,1,wk inc hosp,2023-11-11,15,quantile,0.3,11
2023-11-04,1,wk inc hosp,2023-11-11,15,quantile,0.35,12
2023-11-04,1,wk inc hosp,2023-11-11,15,quantile,0.4,12
2023-11-04,1,wk inc hosp,2023-11-11,15,quantile,0.45,13
2023-11-04,1,wk inc hosp,2023-11-11,15,quantile,0.5,13
2023-11-04,1,wk inc hosp,2023-11-11,15,quantile,0.55,13
2023-11-04,1,wk inc hosp,2023-11-11,15,quantile,0.6,14
2023-11-04,1,wk inc hosp,2023-11-11,15,quantile,0.65,14
2023-11-04,1,wk inc hosp,2023-11-11,15,quantile,0.7,15
2023-11-04,1,wk inc hosp,2023-11-11,15,quantile,0.75,15.108453584535837
2023-11-04,1,wk inc hosp,2023-11-11,15,quantile,0.8,16
2023-11-04,1,wk inc hosp,2023-11-11,15,quantile,0.85,17
2023-11-04,1,wk inc hosp,2023-11-11,15,quantile,0.9,18.30306703067035
2023-11-04,1,wk inc hosp,2023-11-11,15,quantile,0.95,21
2023-11-04,1,wk inc hosp,2023-11-11,15,quantile,0.975,25
2023-11-04,1,wk inc hosp,2023-11-11,15,quantile,0.99,29.702291522915313
2023-11-04,1,wk inc hosp,2023-11-11,16,quantile,0.01,0
2023-11-04,1,wk inc hosp,2023-11-11,16,quantile,0.025,0
2023-11-04,1,wk inc hosp,2023-11-11,16,quantile,0.05,0
2023-11-04,1,wk inc hosp,2023-11-11,16,quantile,0.1,0
2023-11-04,1,wk inc hosp,2023-11-11,16,quantile,0.15,0
2023-11-04,1,wk inc hosp,2023-11-11,16,quantile,0.2,0
2023-11-04,1,wk inc hosp,2023-11-11,16,quantile,0.25,1
2023-11-04,1,wk inc hosp,2023-11-11,16,quantile,0.3,2
2023-11-04,1,wk inc hosp,2023-11-11,16,quantile,0.35,2
2023-11-04,1,wk inc hosp,2023-11-11,16,quantile,0.4,3
2023-11-04,1,wk inc hosp,2023-11-11,16,quantile,0.45,4
2023-11-04,1,wk inc hosp,2023-11-11,16,quantile,0.5,4
2023-11-04,1,wk inc hosp,2023-11-11,16,quantile,0.55,5
2023-11-04,1,wk inc hosp,2023-11-11,16,quantile,0.6,5
2023-11-04,1,wk inc hosp,2023-11-11,16,quantile,0.65,6
2023-11-04,1,wk inc hosp,2023-11-11,16,quantile,0.7,7
2023-11-04,1,wk inc hosp,2023-11-11,16,quantile,0.75,8
2023-11-04,1,wk inc hosp,2023-11-11,16,quantile,0.8,9.064234642346443
2023-11-04,1,wk inc hosp,2023-11-11,16,quantile,0.85,12
2023-11-04,1,wk inc hosp,2023-11-11,16,quantile,0.9,17.56672066720669
2023-11-04,1,wk inc hosp,2023-11-11,16,quantile,0.95,57.07686076860774
2023-11-04,1,wk inc hosp,2023-11-11,16,quantile,0.975,86.55945409454085
2023-11-04,1,wk inc hosp,2023-11-11,16,quantile,0.99,103.09129091290916
2023-11-04,1,wk inc hosp,2023-11-11,17,quantile,0.01,0
2023-11-04,1,wk inc hosp,2023-11-11,17,quantile,0.025,0
2023-11-04,1,wk inc hosp,2023-11-11,17,quantile,0.05,0
2023-11-04,1,wk inc hosp,2023-11-11,17,quantile,0.1,0
2023-11-04,1,wk inc hosp,2023-11-11,17,quantile,0.15,0
2023-11-04,1,wk inc hosp,2023-11-11,17,quantile,0.2,3.6370943709437142
2023-11-04,1,wk inc hosp,2023-11-11,17,quantile,0.25,7.884261342613426
2023-11-04,1,wk inc hosp,2023-11-11,17,quantile,0.3,11.104930049300492
2023-11-04,1,wk inc hosp,2023-11-11,17,quantile,0.35,14
2023-11-04,1,wk inc hosp,2023-11-11,17,quantile,0.4,17
2023-11-04,1,wk inc hosp,2023-11-11,17,quantile,0.45,19
2023-11-04,1,wk inc hosp,2023-11-11,17,quantile,0.5,21
2023-11-04,1,wk inc hosp,2023-11-11,17,quantile,0.55,23.03612836128361
2023-11-04,1,wk inc hosp,2023-11-11,17,quantile,0.6,26
2023-11-04,1,wk inc hosp,2023-11-11,17,quantile,0.65,28.06993169931699
2023-11-04,1,wk inc hosp,2023-11-11,17,quantile,0.7,31.693870938709395
2023-11-04,1,wk inc hosp,2023-11-11,17,quantile,0.75,36
2023-11-04,1,wk inc hosp,2023-11-11,17,quantile,0.8,42.32159721597214
2023-11-04,1,wk inc hosp,2023-11-11,17,quantile,0.85,52.92647876478768
2023-11-04,1,wk inc hosp,2023-11-11,17,quantile,0.9,88.46316363163639
2023-11-04,1,wk inc hosp,2023-11-11,17,quantile,0.95,176.04603746037478
2023-11-04,1,wk inc hosp,2023-11-11,17,quantile,0.975,273.6286070360699
2023-11-04,1,wk inc hosp,2023-11-11,17,quantile,0.99,330.57267452674307
2023-11-04,1,wk inc hosp,2023-11-11,18,quantile,0.01,0
2023-11-04,1,wk inc hosp,2023-11-11,18,quantile,0.025,0
2023-11-04,1,wk inc hosp,2023-11-11,18,quantile,0.05,0
2023-11-04,1,wk inc hosp,2023-11-11,18,quantile,0.1,0
2023-11-04,1,wk inc hosp,2023-11-11,18,quantile,0.15,8
2023-11-04,1,wk inc hosp,2023-11-11,18,quantile,0.2,14.848940489404898
2023-11-04,1,wk inc hosp,2023-11-11,18,quantile,0.25,19.219497194971947
2023-11-04,1,wk inc hosp,2023-11-11,18,quantile,0.3,23
2023-11-04,1,wk inc hosp,2023-11-11,18,quantile,0.35,25.86962419624195
2023-11-04,1,wk inc hosp,2023-11-11,18,quantile,0.4,28.036852368523704
2023-11-04,1,wk inc hosp,2023-11-11,18,quantile,0.45,31
2023-11-04,1,wk inc hosp,2023-11-11,18,quantile,0.5,33
2023-11-04,1,wk inc hosp,2023-11-11,18,quantile,0.55,35.45168751687517
2023-11-04,1,wk inc hosp,2023-11-11,18,quantile,0.6,38
2023-11-04,1,wk inc hosp,2023-11-11,18,quantile,0.65,40.85528655286556
2023-11-04,1,wk inc hosp,2023-11-11,18,quantile,0.7,43.70145301453012
2023-11-04,1,wk inc hosp,2023-11-11,18,quantile,0.75,47.00241002410024
2023-11-04,1,wk inc hosp,2023-11-11,18,quantile,0.8,52.20158801588019
2023-11-04,1,wk inc hosp,2023-11-11,18,quantile,0.85,60.79692146921473
2023-11-04,1,wk inc hosp,2023-11-11,18,quantile,0.9,80.95692856928584
2023-11-04,1,wk inc hosp,2023-11-11,18,quantile,0.95,137.6035300352989
2023-11-04,1,wk inc hosp,2023-11-11,18,quantile,0.975,230.07251747517464
2023-11-04,1,wk inc hosp,2023-11-11,18,quantile,0.99,272.4561525615247
2023-11-04,1,wk inc hosp,2023-11-11,19,quantile,0.01,0
2023-11-04,1,wk inc hosp,2023-11-11,19,quantile,0.025,0
2023-11-04,1,wk inc hosp,2023-11-11,19,quantile,0.05,0
2023-11-04,1,wk inc hosp,2023-11-11,19,quantile,0.1,0
2023-11-04,1,wk inc hosp,2023-11-11,19,quantile,0.15,0
2023-11-04,1,wk inc hosp,2023-11-11,19,quantile,0.2,0
2023-11-04,1,wk inc hosp,2023-11-11,19,quantile,0.25,0
2023-11-04,1,wk inc hosp,2023-11-11,19,quantile,0.3,1
2023-11-04,1,wk inc hosp,2023-11-11,19,quantile,0.35,2
2023-11-04,1,wk inc hosp,2023-11-11,19,quantile,0.4,3
2023-11-04,1,wk inc hosp,2023-11-11,19,quantile,0.45,3.270129701297011
2023-11-04,1,wk inc hosp,2023-11-11,19,quantile,0.5,4
2023-11-04,1,wk inc hosp,2023-11-11,19,quantile,0.55,5
2023-11-04,1,wk inc hosp,2023-11-11,19,quantile,0.6,6
2023-11-04,1,wk inc hosp,2023-11-11,19,quantile,0.65,7
2023-11-04,1,wk inc hosp,2023-11-11,19,quantile,0.7,8
2023-11-04,1,wk inc hosp,2023-11-11,19,quantile,0.75,9
2023-11-04,1,wk inc hosp,2023-11-11,19,quantile,0.8,10.150045500455
2023-11-04,1,wk inc hosp,2023-11-11,19,quantile,0.85,13
2023-11-04,1,wk inc hosp,2023-11-11,19,quantile,0.9,19.1718927189272
2023-11-04,1,wk inc hosp,2023-11-11,19,quantile,0.95,56.214792147921514
2023-11-04,1,wk inc hosp,2023-11-11,19,quantile,0.975,104.3709269592695
2023-11-04,1,wk inc hosp,2023-11-11,19,quantile,0.99,113.12258422584199
2023-11-04,1,wk inc hosp,2023-11-11,20,quantile,0.01,0
2023-11-04,1,wk inc hosp,2023-11-11,20,quantile,0.025,0
2023-11-04,1,wk inc hosp,2023-11-11,20,quantile,0.05,0
2023-11-04,1,wk inc hosp,2023-11-11,20,quantile,0.1,0
2023-11-04,1,wk inc hosp,2023-11-11,20,quantile,0.15,0
2023-11-04,1,wk inc hosp,2023-11-11,20,quantile,0.2,0
2023-11-04,1,wk inc hosp,2023-11-11,20,quantile,0.25,0
2023-11-04,1,wk inc hosp,2023-11-11,20,quantile,0.3,1
2023-11-04,1,wk inc hosp,2023-11-11,20,quantile,0.35,2
2023-11-04,1,wk inc hosp,2023-11-11,20,quantile,0.4,3
2023-11-04,1,wk inc hosp,2023-11-11,20,quantile,0.45,4
2023-11-04,1,wk inc hosp,2023-11-11,20,quantile,0.5,5
2023-11-04,1,wk inc hosp,2023-11-11,20,quantile,0.55,6
2023-11-04,1,wk inc hosp,2023-11-11,20,quantile,0.6,7.6184981849818545
2023-11-04,1,wk inc hosp,2023-11-11,20,quantile,0.65,9
2023-11-04,1,wk inc hosp,2023-11-11,20,quantile,0.7,10.256024560245613
2023-11-04,1,wk inc hosp,2023-11-11,20,quantile,0.75,12.637591375913765
2023-11-04,1,wk inc hosp,2023-11-11,20,quantile,0.8,15
2023-11-04,1,wk inc hosp,2023-11-11,20,quantile,0.85,18.247800478004784
2023-11-04,1,wk inc hosp,2023-11-11,20,quantile,0.9,22.706970069700574
2023-11-04,1,wk inc hosp,2023-11-11,20,quantile,0.95,45.37010570105663
2023-11-04,1,wk inc hosp,2023-11-11,20,quantile,0.975,71.53456309563103
2023-11-04,1,wk inc hosp,2023-11-11,20,quantile,0.99,101.0681813818128
2023-11-04,1,wk inc hosp,2023-11-11,21,quantile,0.01,0
2023-11-04,1,wk inc hosp,2023-11-11,21,quantile,0.025,0
2023-11-04,1,wk inc hosp,2023-11-11,21,quantile,0.05,0
2023-11-04,1,wk inc hosp,2023-11-11,21,quantile,0.1,0
2023-11-04,1,wk inc hosp,2023-11-11,21,quantile,0.15,4
2023-11-04,1,wk inc hosp,2023-11-11,21,quantile,0.2,9
2023-11-04,1,wk inc hosp,2023-11-11,21,quantile,0.25,12
2023-11-04,1,wk inc hosp,2023-11-11,21,quantile,0.3,15
2023-11-04,1,wk inc hosp,2023-11-11,21,quantile,0.35,17
2023-11-04,1,wk inc hosp,2023-11-11,21,quantile,0.4,19.14926149261494
2023-11-04,1,wk inc hosp,2023-11-11,21,quantile,0.45,21
2023-11-04,1,wk inc hosp,2023-11-11,21,quantile,0.5,23
2023-11-04,1,wk inc hosp,2023-11-11,21,quantile,0.55,25
2023-11-04,1,wk inc hosp,2023-11-11,21,quantile,0.6,27
2023-11-04,1,wk inc hosp,2023-11-11,21,quantile,0.65,29
2023-11-04,1,wk inc hosp,2023-11-11,21,quantile,0.7,31.22160821608214
2023-11-04,1,wk inc hosp,2023-11-11,21,quantile,0.75,34.270580205802055
2023-11-04,1,wk inc hosp,2023-11-11,21,quantile,0.8,38.24558645586463
2023-11-04,1,wk inc hosp,2023-11-11,21,quantile,0.85,46
2023-11-04,1,wk inc hosp,2023-11-11,21,quantile,0.9,71.27924179241782
2023-11-04,1,wk inc hosp,2023-11-11,21,quantile,0.95,135.59744547445484
2023-11-04,1,wk inc hosp,2023-11-11,21,quantile,0.975,220.35636806368163
2023-11-04,1,wk inc hosp,2023-11-11,21,quantile,0.99,299.9173702737026
2023-11-04,1,wk inc hosp,2023-11-11,22,quantile,0.01,0
2023-11-04,1,wk inc hosp,2023-11-11,22,quantile,0.025,0
2023-11-04,1,wk inc hosp,2023-11-11,22,quantile,0.05,6.1667516675166745
2023-11-04,1,wk inc hosp,2023-11-11,22,quantile,0.1,22
2023-11-04,1,wk inc hosp,2023-11-11,22,quantile,0.15,29
2023-11-04,1,wk inc hosp,2023-11-11,22,quantile,0.2,33
2023-11-04,1,wk inc hosp,2023-11-11,22,quantile,0.25,36
2023-11-04,1,wk inc hosp,2023-11-11,22,quantile,0.3,38.30856208562085
2023-11-04,1,wk inc hosp,2023-11-11,22,quantile,0.35,40.5040540405404
2023-11-04,1,wk inc hosp,2023-11-11,22,quantile,0.4,42.75325753257533
2023-11-04,1,wk inc hosp,2023-11-11,22,quantile,0.45,44.08755337553376
2023-11-04,1,wk inc hosp,2023-11-11,22,quantile,0.5,46
2023-11-04,1,wk inc hosp,2023-11-11,22,quantile,0.55,47.94348793487936
2023-11-04,1,wk inc hosp,2023-11-11,22,quantile,0.6,49.267590675906746
2023-11-04,1,wk inc hosp,2023-11-11,22,quantile,0.65,51.638233882338824
2023-11-04,1,wk inc hosp,2023-11-11,22,quantile,0.7,53.8033590335903
2023-11-04,1,wk inc hosp,2023-11-11,22,quantile,0.75,56
2023-11-04,1,wk inc hosp,2023-11-11,22,quantile,0.8,59.03764837648384
2023-11-04,1,wk inc hosp,2023-11-11,22,quantile,0.85,63
2023-11-04,1,wk inc hosp,2023-11-11,22,quantile,0.9,70
2023-11-04,1,wk inc hosp,2023-11-11,22,quantile,0.95,88.43297282972829
2023-11-04,1,wk inc hosp,2023-11-11,22,quantile,0.975,122.99272167721672
2023-11-04,1,wk inc hosp,2023-11-11,22,quantile,0.99,142.0179618796177
2023-11-04,1,wk inc hosp,2023-11-11,23,quantile,0.01,0
2023-11-04,1,wk inc hosp,2023-11-11,23,quantile,0.025,0
2023-11-04,1,wk inc hosp,2023-11-11,23,quantile,0.05,0
2023-11-04,1,wk inc hosp,2023-11-11,23,quantile,0.1,0
2023-11-04,1,wk inc hosp,2023-11-11,23,quantile,0.15,0
2023-11-04,1,wk inc hosp,2023-11-11,23,quantile,0.2,0
2023-11-04,1,wk inc hosp,2023-11-11,23,quantile,0.25,1
2023-11-04,1,wk inc hosp,2023-11-11,23,quantile,0.3,2
2023-11-04,1,wk inc hosp,2023-11-11,23,quantile,0.35,2
2023-11-04,1,wk inc hosp,2023-11-11,23,quantile,0.4,3
2023-11-04,1,wk inc hosp,2023-11-11,23,quantile,0.45,3.751447514475146
2023-11-04,1,wk inc hosp,2023-11-11,23,quantile,0.5,4
2023-11-04,1,wk inc hosp,2023-11-11,23,quantile,0.55,5
2023-11-04,1,wk inc hosp,2023-11-11,23,quantile,0.6,5
2023-11-04,1,wk inc hosp,2023-11-11,23,quantile,0.65,6
2023-11-04,1,wk inc hosp,2023-11-11,23,quantile,0.7,7
2023-11-04,1,wk inc hosp,2023-11-11,23,quantile,0.75,8
2023-11-04,1,wk inc hosp,2023-11-11,23,quantile,0.8,9
2023-11-04,1,wk inc hosp,2023-11-11,23,quantile,0.85,11.895651456514562
2023-11-04,1,wk inc hosp,2023-11-11,23,quantile,0.9,22
2023-11-04,1,wk inc hosp,2023-11-11,23,quantile,0.95,32.99962949629496
2023-11-04,1,wk inc hosp,2023-11-11,23,quantile,0.975,67.5756312563125
2023-11-04,1,wk inc hosp,2023-11-11,23,quantile,0.99,71.95983729837297
2023-11-04,1,wk inc hosp,2023-11-11,24,quantile,0.01,0
2023-11-04,1,wk inc hosp,2023-11-11,24,quantile,0.025,0
2023-11-04,1,wk inc hosp,2023-11-11,24,quantile,0.05,0
2023-11-04,1,wk inc hosp,2023-11-11,24,quantile,0.1,0
2023-11-04,1,wk inc hosp,2023-11-11,24,quantile,0.15,0
2023-11-04,1,wk inc hosp,2023-11-11,24,quantile,0.2,0
2023-11-04,1,wk inc hosp,2023-11-11,24,quantile,0.25,2
2023-11-04,1,wk inc hosp,2023-11-11,24,quantile,0.3,4
2023-11-04,1,wk inc hosp,2023-11-11,24,quantile,0.35,6
2023-11-04,1,wk inc hosp,2023-11-11,24,quantile,0.4,7
2023-11-04,1,wk inc hosp,2023-11-11,24,quantile,0.45,9
2023-11-04,1,wk inc hosp,2023-11-11,24,quantile,0.5,10
2023-11-04,1,wk inc hosp,2023-11-11,24,quantile,0.55,12
2023-11-04,1,wk inc hosp,2023-11-11,24,quantile,0.6,13.239762397623965
2023-11-04,1,wk inc hosp,2023-11-11,24,quantile,0.65,15
2023-11-04,1,wk inc hosp,2023-11-11,24,quantile,0.7,17
2023-11-04,1,wk inc hosp,2023-11-11,24,quantile,0.75,20
2023-11-04,1,wk inc hosp,2023-11-11,24,quantile,0.8,23
2023-11-04,1,wk inc hosp,2023-11-11,24,quantile,0.85,28.343440434404332
2023-11-04,1,wk inc hosp,2023-11-11,24,quantile,0.9,39.96600966009665
2023-11-04,1,wk inc hosp,2023-11-11,24,quantile,0.95,71.71188611886122
2023-11-04,1,wk inc hosp,2023-11-11,24,quantile,0.975,89.10118026180241
2023-11-04,1,wk inc hosp,2023-11-11,24,quantile,0.99,110
2023-11-04,1,wk inc hosp,2023-11-11,25,quantile,0.01,0
2023-11-04,1,wk inc hosp,2023-11-11,25,quantile,0.025,0
2023-11-04,1,wk inc hosp,2023-11-11,25,quantile,0.05,0
2023-11-04,1,wk inc hosp,2023-11-11,25,quantile,0.1,0
2023-11-04,1,wk inc hosp,2023-11-11,25,quantile,0.15,5
2023-11-04,1,wk inc hosp,2023-11-11,25,quantile,0.2,12
2023-11-04,1,wk inc hosp,2023-11-11,25,quantile,0.25,16
2023-11-04,1,wk inc hosp,2023-11-11,25,quantile,0.3,20
2023-11-04,1,wk inc hosp,2023-11-11,25,quantile,0.35,22.28240682406824
2023-11-04,1,wk inc hosp,2023-11-11,25,quantile,0.4,24.935239352393527
2023-11-04,1,wk inc hosp,2023-11-11,25,quantile,0.45,26.199524995249952
2023-11-04,1,wk inc hosp,2023-11-11,25,quantile,0.5,28
2023-11-04,1,wk inc hosp,2023-11-11,25,quantile,0.55,30
2023-11-04,1,wk inc hosp,2023-11-11,25,quantile,0.6,32
2023-11-04,1,wk inc hosp,2023-11-11,25,quantile,0.65,34
2023-11-04,1,wk inc hosp,2023-11-11,25,quantile,0.7,36.903585035850355
2023-11-04,1,wk inc hosp,2023-11-11,25,quantile,0.75,40.40599405994059
2023-11-04,1,wk inc hosp,2023-11-11,25,quantile,0.8,45.10391503915045
2023-11-04,1,wk inc hosp,2023-11-11,25,quantile,0.85,55.200803008030036
2023-11-04,1,wk inc hosp,2023-11-11,25,quantile,0.9,79.36658466584674
2023-11-04,1,wk inc hosp,2023-11-11,25,quantile,0.95,145.0517750177501
2023-11-04,1,wk inc hosp,2023-11-11,25,quantile,0.975,223.96778892789027
2023-11-04,1,wk inc hosp,2023-11-11,25,quantile,0.99,274.75415294152896
2023-11-04,1,wk inc hosp,2023-11-11,26,quantile,0.01,0
2023-11-04,1,wk inc hosp,2023-11-11,26,quantile,0.025,0
2023-11-04,1,wk inc hosp,2023-11-11,26,quantile,0.05,0
2023-11-04,1,wk inc hosp,2023-11-11,26,quantile,0.1,0
2023-11-04,1,wk inc hosp,2023-11-11,26,quantile,0.15,0
2023-11-04,1,wk inc hosp,2023-11-11,26,quantile,0.2,0
2023-11-04,1,wk inc hosp,2023-11-11,26,quantile,0.25,1.3808588085880817
2023-11-04,1,wk inc hosp,2023-11-11,26,quantile,0.3,3.6516915169151716
2023-11-04,1,wk inc hosp,2023-11-11,26,quantile,0.35,5.889737397373953
2023-11-04,1,wk inc hosp,2023-11-11,26,quantile,0.4,7.736110361103629
2023-11-04,1,wk inc hosp,2023-11-11,26,quantile,0.45,10.203185031850325
2023-11-04,1,wk inc hosp,2023-11-11,26,quantile,0.5,12
2023-11-04,1,wk inc hosp,2023-11-11,26,quantile,0.55,14.651691516915172
2023-11-04,1,wk inc hosp,2023-11-11,26,quantile,0.6,16.65169151691517
2023-11-04,1,wk inc hosp,2023-11-11,26,quantile,0.65,19.65169151691517
2023-11-04,1,wk inc hosp,2023-11-11,26,quantile,0.7,22.65169151691517
2023-11-04,1,wk inc hosp,2023-11-11,26,quantile,0.75,27.497469974699747
2023-11-04,1,wk inc hosp,2023-11-11,26,quantile,0.8,34.92809028090286
2023-11-04,1,wk inc hosp,2023-11-11,26,quantile,0.85,45.36299962999628
2023-11-04,1,wk inc hosp,2023-11-11,26,quantile,0.9,68.00955709557095
2023-11-04,1,wk inc hosp,2023-11-11,26,quantile,0.95,165.52785777857747
2023-11-04,1,wk inc hosp,2023-11-11,26,quantile,0.975,272.96422314223247
2023-11-04,1,wk inc hosp,2023-11-11,26,quantile,0.99,404.0402169021677
2023-11-04,1,wk inc hosp,2023-11-11,27,quantile,0.01,0
2023-11-04,1,wk inc hosp,2023-11-11,27,quantile,0.025,0
2023-11-04,1,wk inc hosp,2023-11-11,27,quantile,0.05,0
2023-11-04,1,wk inc hosp,2023-11-11,27,quantile,0.1,0
2023-11-04,1,wk inc hosp,2023-11-11,27,quantile,0.15,0
2023-11-04,1,wk inc hosp,2023-11-11,27,quantile,0.2,0
2023-11-04,1,wk inc hosp,2023-11-11,27,quantile,0.25,0
2023-11-04,1,wk inc hosp,2023-11-11,27,quantile,0.3,0
2023-11-04,1,wk inc hosp,2023-11-11,27,quantile,0.35,0.38582485824856916
2023-11-04,1,wk inc hosp,2023-11-11,27,quantile,0.4,1.9279472794727974
2023-11-04,1,wk inc hosp,2023-11-11,27,quantile,0.45,3
2023-11-04,1,wk inc hosp,2023-11-11,27,quantile,0.5,4
2023-11-04,1,wk inc hosp,2023-11-11,27,quantile,0.55,5
2023-11-04,1,wk inc hosp,2023-11-11,27,quantile,0.6,6
2023-11-04,1,wk inc hosp,2023-11-11,27,quantile,0.65,7.762471624716271
2023-11-04,1,wk inc hosp,2023-11-11,27,quantile,0.7,9
2023-11-04,1,wk inc hosp,2023-11-11,27,quantile,0.75,11.89923149231494
2023-11-04,1,wk inc hosp,2023-11-11,27,quantile,0.8,15
2023-11-04,1,wk inc hosp,2023-11-11,27,quantile,0.85,22.452565025650262
2023-11-04,1,wk inc hosp,2023-11-11,27,quantile,0.9,38.6565215652157
2023-11-04,1,wk inc hosp,2023-11-11,27,quantile,0.95,84.52393423934237
2023-11-04,1,wk inc hosp,2023-11-11,27,quantile,0.975,100
2023-11-04,1,wk inc hosp,2023-11-11,27,quantile,0.99,114.68889828898274
2023-11-04,1,wk inc hosp,2023-11-11,28,quantile,0.01,0
2023-11-04,1,wk inc hosp,2023-11-11,28,quantile,0.025,0
2023-11-04,1,wk inc hosp,2023-11-11,28,quantile,0.05,0
2023-11-04,1,wk inc hosp,2023-11-11,28,quantile,0.1,0
2023-11-04,1,wk inc hosp,2023-11-11,28,quantile,0.15,2
2023-11-04,1,wk inc hosp,2023-11-11,28,quantile,0.2,5
2023-11-04,1,wk inc hosp,2023-11-11,28,quantile,0.25,7.601263512635123
2023-11-04,1,wk inc hosp,2023-11-11,28,quantile,0.3,10
2023-11-04,1,wk inc hosp,2023-11-11,28,quantile,0.35,12
2023-11-04,1,wk inc hosp,2023-11-11,28,quantile,0.4,14.150019500195
2023-11-04,1,wk inc hosp,2023-11-11,28,quantile,0.45,16.063529635296362
2023-11-04,1,wk inc hosp,2023-11-11,28,quantile,0.5,18
2023-11-04,1,wk inc hosp,2023-11-11,28,quantile,0.55,20
2023-11-04,1,wk inc hosp,2023-11-11,28,quantile,0.6,22
2023-11-04,1,wk inc hosp,2023-11-11,28,quantile,0.65,24
2023-11-04,1,wk inc hosp,2023-11-11,28,quantile,0.7,26.22017120171201
2023-11-04,1,wk inc hosp,2023-11-11,28,quantile,0.75,29
2023-11-04,1,wk inc hosp,2023-11-11,28,quantile,0.8,32
2023-11-04,1,wk inc hosp,2023-11-11,28,quantile,0.85,36.4280747807478
2023-11-04,1,wk inc hosp,2023-11-11,28,quantile,0.9,43.03263132631331
2023-11-04,1,wk inc hosp,2023-11-11,28,quantile,0.95,56.72959579595791
2023-11-04,1,wk inc hosp,2023-11-11,28,quantile,0.975,78.90155901558975
2023-11-04,1,wk inc hosp,2023-11-11,28,quantile,0.99,107.09323143231433
2023-11-04,1,wk inc hosp,2023-11-11,29,quantile,0.01,0
2023-11-04,1,wk inc hosp,2023-11-11,29,quantile,0.025,0
2023-11-04,1,wk inc hosp,2023-11-11,29,quantile,0.05,0
2023-11-04,1,wk inc hosp,2023-11-11,29,quantile,0.1,0
2023-11-04,1,wk inc hosp,2023-11-11,29,quantile,0.15,0
2023-11-04,1,wk inc hosp,2023-11-11,29,quantile,0.2,2.722373223732248
2023-11-04,1,wk inc hosp,2023-11-11,29,quantile,0.25,6
2023-11-04,1,wk inc hosp,2023-11-11,29,quantile,0.3,8
2023-11-04,1,wk inc hosp,2023-11-11,29,quantile,0.35,11
2023-11-04,1,wk inc hosp,2023-11-11,29,quantile,0.4,13
2023-11-04,1,wk inc hosp,2023-11-11,29,quantile,0.45,15
2023-11-04,1,wk inc hosp,2023-11-11,29,quantile,0.5,17
2023-11-04,1,wk inc hosp,2023-11-11,29,quantile,0.55,19.332381323813244
2023-11-04,1,wk inc hosp,2023-11-11,29,quantile,0.6,21.9881498814988
2023-11-04,1,wk inc hosp,2023-11-11,29,quantile,0.65,24
2023-11-04,1,wk inc hosp,2023-11-11,29,quantile,0.7,27
2023-11-04,1,wk inc hosp,2023-11-11,29,quantile,0.75,30
2023-11-04,1,wk inc hosp,2023-11-11,29,quantile,0.8,34.962597625976244
2023-11-04,1,wk inc hosp,2023-11-11,29,quantile,0.85,42.92300773007728
2023-11-04,1,wk inc hosp,2023-11-11,29,quantile,0.9,61.41643816438174
2023-11-04,1,wk inc hosp,2023-11-11,29,quantile,0.95,122.68529735297352
2023-11-04,1,wk inc hosp,2023-11-11,29,quantile,0.975,241.21289037890426
2023-11-04,1,wk inc hosp,2023-11-11,29,quantile,0.99,324.8183091830917
2023-11-04,1,wk inc hosp,2023-11-11,30,quantile,0.01,0
2023-11-04,1,wk inc hosp,2023-11-11,30,quantile,0.025,0
2023-11-04,1,wk inc hosp,2023-11-11,30,quantile,0.05,0
2023-11-04,1,wk inc hosp,2023-11-11,30,quantile,0.1,0
2023-11-04,1,wk inc hosp,2023-11-11,30,quantile,0.15,0
2023-11-04,1,wk inc hosp,2023-11-11,30,quantile,0.2,0
2023-11-04,1,wk inc hosp,2023-11-11,30,quantile,0.25,0
2023-11-04,1,wk inc hosp,2023-11-11,30,quantile,0.3,0
2023-11-04,1,wk inc hosp,2023-11-11,30,quantile,0.35,0
2023-11-04,1,wk inc hosp,2023-11-11,30,quantile,0.4,0
2023-11-04,1,wk inc hosp,2023-11-11,30,quantile,0.45,0
2023-11-04,1,wk inc hosp,2023-11-11,30,quantile,0.5,0
2023-11-04,1,wk inc hosp,2023-11-11,30,quantile,0.55,0
2023-11-04,1,wk inc hosp,2023-11-11,30,quantile,0.6,1
2023-11-04,1,wk inc hosp,2023-11-11,30,quantile,0.65,1
2023-11-04,1,wk inc hosp,2023-11-11,30,quantile,0.7,2
2023-11-04,1,wk inc hosp,2023-11-11,30,quantile,0.75,3
2023-11-04,1,wk inc hosp,2023-11-11,30,quantile,0.8,5
2023-11-04,1,wk inc hosp,2023-11-11,30,quantile,0.85,8
2023-11-04,1,wk inc hosp,2023-11-11,30,quantile,0.9,15.176393763937655
2023-11-04,1,wk inc hosp,2023-11-11,30,quantile,0.95,24.60114601146006
2023-11-04,1,wk inc hosp,2023-11-11,30,quantile,0.975,31.884201092010898
2023-11-04,1,wk inc hosp,2023-11-11,30,quantile,0.99,36.73692016920175
2023-11-04,1,wk inc hosp,2023-11-11,31,quantile,0.01,0
2023-11-04,1,wk inc hosp,2023-11-11,31,quantile,0.025,0
2023-11-04,1,wk inc hosp,2023-11-11,31,quantile,0.05,0
2023-11-04,1,wk inc hosp,2023-11-11,31,quantile,0.1,0
2023-11-04,1,wk inc hosp,2023-11-11,31,quantile,0.15,0
2023-11-04,1,wk inc hosp,2023-11-11,31,quantile,0.2,0
2023-11-04,1,wk inc hosp,2023-11-11,31,quantile,0.25,1
2023-11-04,1,wk inc hosp,2023-11-11,31,quantile,0.3,3
2023-11-04,1,wk inc hosp,2023-11-11,31,quantile,0.35,4
2023-11-04,1,wk inc hosp,2023-11-11,31,quantile,0.4,5
2023-11-04,1,wk inc hosp,2023-11-11,31,quantile,0.45,6
2023-11-04,1,wk inc hosp,2023-11-11,31,quantile,0.5,7
2023-11-04,1,wk inc hosp,2023-11-11,31,quantile,0.55,8
2023-11-04,1,wk inc hosp,2023-11-11,31,quantile,0.6,10
2023-11-04,1,wk inc hosp,2023-11-11,31,quantile,0.65,11
2023-11-04,1,wk inc hosp,2023-11-11,31,quantile,0.7,12.426849268492681
2023-11-04,1,wk inc hosp,2023-11-11,31,quantile,0.75,14
2023-11-04,1,wk inc hosp,2023-11-11,31,quantile,0.8,16.903217032170318
2023-11-04,1,wk inc hosp,2023-11-11,31,quantile,0.85,20
2023-11-04,1,wk inc hosp,2023-11-11,31,quantile,0.9,25.378295782957878
2023-11-04,1,wk inc hosp,2023-11-11,31,quantile,0.95,39.72402174021744
2023-11-04,1,wk inc hosp,2023-11-11,31,quantile,0.975,47.93865388653882
2023-11-04,1,wk inc hosp,2023-11-11,31,quantile,0.99,54
2023-11-04,1,wk inc hosp,2023-11-11,32,quantile,0.01,0
2023-11-04,1,wk inc hosp,2023-11-11,32,quantile,0.025,0
2023-11-04,1,wk inc hosp,2023-11-11,32,quantile,0.05,0
2023-11-04,1,wk inc hosp,2023-11-11,32,quantile,0.1,0
2023-11-04,1,wk inc hosp,2023-11-11,32,quantile,0.15,0
2023-11-04,1,wk inc hosp,2023-11-11,32,quantile,0.2,0
2023-11-04,1,wk inc hosp,2023-11-11,32,quantile,0.25,1
2023-11-04,1,wk inc hosp,2023-11-11,32,quantile,0.3,3
2023-11-04,1,wk inc hosp,2023-11-11,32,quantile,0.35,4.18175531755317
2023-11-04,1,wk inc hosp,2023-11-11,32,quantile,0.4,6
2023-11-04,1,wk inc hosp,2023-11-11,32,quantile,0.45,7
2023-11-04,1,wk inc hosp,2023-11-11,32,quantile,0.5,8
2023-11-04,1,wk inc hosp,2023-11-11,32,quantile,0.55,10
2023-11-04,1,wk inc hosp,2023-11-11,32,quantile,0.6,11
2023-11-04,1,wk inc hosp,2023-11-11,32,quantile,0.65,13
2023-11-04,1,wk inc hosp,2023-11-11,32,quantile,0.7,14.960251602516024
2023-11-04,1,wk inc hosp,2023-11-11,32,quantile,0.75,17.639488894888963
2023-11-04,1,wk inc hosp,2023-11-11,32,quantile,0.8,22
2023-11-04,1,wk inc hosp,2023-11-11,32,quantile,0.85,29
2023-11-04,1,wk inc hosp,2023-11-11,32,quantile,0.9,38
2023-11-04,1,wk inc hosp,2023-11-11,32,quantile,0.95,67.00874858748577
2023-11-04,1,wk inc hosp,2023-11-11,32,quantile,0.975,95.08370058700572
2023-11-04,1,wk inc hosp,2023-11-11,32,quantile,0.99,132.02425204252003
2023-11-04,1,wk inc hosp,2023-11-11,33,quantile,0.01,0
2023-11-04,1,wk inc hosp,2023-11-11,33,quantile,0.025,0
2023-11-04,1,wk inc hosp,2023-11-11,33,quantile,0.05,0
2023-11-04,1,wk inc hosp,2023-11-11,33,quantile,0.1,0
2023-11-04,1,wk inc hosp,2023-11-11,33,quantile,0.15,0
2023-11-04,1,wk inc hosp,2023-11-11,33,quantile,0.2,0
2023-11-04,1,wk inc hosp,2023-11-11,33,quantile,0.25,0
2023-11-04,1,wk inc hosp,2023-11-11,33,quantile,0.3,0
2023-11-04,1,wk inc hosp,2023-11-11,33,quantile,0.35,1
2023-11-04,1,wk inc hosp,2023-11-11,33,quantile,0.4,1
2023-11-04,1,wk inc hosp,2023-11-11,33,quantile,0.45,2
2023-11-04,1,wk inc hosp,2023-11-11,33,quantile,0.5,2
2023-11-04,1,wk inc hosp,2023-11-11,33,quantile,0.55,3
2023-11-04,1,wk inc hosp,2023-11-11,33,quantile,0.6,3.1540195401954003
2023-11-04,1,wk inc hosp,2023-11-11,33,quantile,0.65,4
2023-11-04,1,wk inc hosp,2023-11-11,33,quantile,0.7,5
2023-11-04,1,wk inc hosp,2023-11-11,33,quantile,0.75,6
2023-11-04,1,wk inc hosp,2023-11-11,33,quantile,0.8,7
2023-11-04,1,wk inc hosp,2023-11-11,33,quantile,0.85,8.567334673346714
2023-11-04,1,wk inc hosp,2023-11-11,33,quantile,0.9,13
2023-11-04,1,wk inc hosp,2023-11-11,33,quantile,0.95,26.03171181711814
2023-11-04,1,wk inc hosp,2023-11-11,33,quantile,0.975,35.127009770097665
2023-11-04,1,wk inc hosp,2023-11-11,33,quantile,0.99,42.53002020020171
2023-11-04,1,wk inc hosp,2023-11-11,34,quantile,0.01,0
2023-11-04,1,wk inc hosp,2023-11-11,34,quantile,0.025,0
2023-11-04,1,wk inc hosp,2023-11-11,34,quantile,0.05,0
2023-11-04,1,wk inc hosp,2023-11-11,34,quantile,0.1,4.2357283572835875
2023-11-04,1,wk inc hosp,2023-11-11,34,quantile,0.15,16.343936939369357
2023-11-04,1,wk inc hosp,2023-11-11,34,quantile,0.2,24
2023-11-04,1,wk inc hosp,2023-11-11,34,quantile,0.25,29
2023-11-04,1,wk inc hosp,2023-11-11,34,quantile,0.3,32.391621916219165
2023-11-04,1,wk inc hosp,2023-11-11,34,quantile,0.35,36
2023-11-04,1,wk inc hosp,2023-11-11,34,quantile,0.4,38.88827088270883
2023-11-04,1,wk inc hosp,2023-11-11,34,quantile,0.45,41.453930039300396
2023-11-04,1,wk inc hosp,2023-11-11,34,quantile,0.5,44
2023-11-04,1,wk inc hosp,2023-11-11,34,quantile,0.55,46.78420084200843
2023-11-04,1,wk inc hosp,2023-11-11,34,quantile,0.6,49.50465304653046
2023-11-04,1,wk inc hosp,2023-11-11,34,quantile,0.65,52.27076470764709
2023-11-04,1,wk inc hosp,2023-11-11,34,quantile,0.7,56
2023-11-04,1,wk inc hosp,2023-11-11,34,quantile,0.75,59.59359593595935
2023-11-04,1,wk inc hosp,2023-11-11,34,quantile,0.8,64.7416234162342
2023-11-04,1,wk inc hosp,2023-11-11,34,quantile,0.85,72.99476044760443
2023-11-04,1,wk inc hosp,2023-11-11,34,quantile,0.9,99.21143911439164
2023-11-04,1,wk inc hosp,2023-11-11,34,quantile,0.95,171.07236672366727
2023-11-04,1,wk inc hosp,2023-11-11,34,quantile,0.975,208.69329043290392
2023-11-04,1,wk inc hosp,2023-11-11,34,quantile,0.99,265.0611118111133
2023-11-04,1,wk inc hosp,2023-11-11,35,quantile,0.01,0
2023-11-04,1,wk inc hosp,2023-11-11,35,quantile,0.025,0
2023-11-04,1,wk inc hosp,2023-11-11,35,quantile,0.05,0
2023-11-04,1,wk inc hosp,2023-11-11,35,quantile,0.1,0
2023-11-04,1,wk inc hosp,2023-11-11,35,quantile,0.15,0
2023-11-04,1,wk inc hosp,2023-11-11,35,quantile,0.2,0
2023-11-04,1,wk inc hosp,2023-11-11,35,quantile,0.25,0
2023-11-04,1,wk inc hosp,2023-11-11,35,quantile,0.3,0
2023-11-04,1,wk inc hosp,2023-11-11,35,quantile,0.35,0
2023-11-04,1,wk inc hosp,2023-11-11,35,quantile,0.4,0
2023-11-04,1,wk inc hosp,2023-11-11,35,quantile,0.45,1
2023-11-04,1,wk inc hosp,2023-11-11,35,quantile,0.5,2
2023-11-04,1,wk inc hosp,2023-11-11,35,quantile,0.55,3
2023-11-04,1,wk inc hosp,2023-11-11,35,quantile,0.6,4.827298272982727
2023-11-04,1,wk inc hosp,2023-11-11,35,quantile,0.65,6.930185801858022
2023-11-04,1,wk inc hosp,2023-11-11,35,quantile,0.7,8.667179671796722
2023-11-04,1,wk inc hosp,2023-11-11,35,quantile,0.75,11
2023-11-04,1,wk inc hosp,2023-11-11,35,quantile,0.8,14
2023-11-04,1,wk inc hosp,2023-11-11,35,quantile,0.85,19.36961369613696
2023-11-04,1,wk inc hosp,2023-11-11,35,quantile,0.9,28.08825288252882
2023-11-04,1,wk inc hosp,2023-11-11,35,quantile,0.95,59.86860968609676
2023-11-04,1,wk inc hosp,2023-11-11,35,quantile,0.975,94.9490579905794
2023-11-04,1,wk inc hosp,2023-11-11,35,quantile,0.99,133.30184101840993
2023-11-04,1,wk inc hosp,2023-11-11,36,quantile,0.01,0
2023-11-04,1,wk inc hosp,2023-11-11,36,quantile,0.025,0
2023-11-04,1,wk inc hosp,2023-11-11,36,quantile,0.05,0
2023-11-04,1,wk inc hosp,2023-11-11,36,quantile,0.1,0
2023-11-04,1,wk inc hosp,2023-11-11,36,quantile,0.15,3.8119731197311943
2023-11-04,1,wk inc hosp,2023-11-11,36,quantile,0.2,13.629410294102954
2023-11-04,1,wk inc hosp,2023-11-11,36,quantile,0.25,22.146106461064612
2023-11-04,1,wk inc hosp,2023-11-11,36,quantile,0.3,29.431092310923113
2023-11-04,1,wk inc hosp,2023-11-11,36,quantile,0.35,35
2023-11-04,1,wk inc hosp,2023-11-11,36,quantile,0.4,40
2023-11-04,1,wk inc hosp,2023-11-11,36,quantile,0.45,44
2023-11-04,1,wk inc hosp,2023-11-11,36,quantile,0.5,48
2023-11-04,1,wk inc hosp,2023-11-11,36,quantile,0.55,52.391158911589116
2023-11-04,1,wk inc hosp,2023-11-11,36,quantile,0.6,57
2023-11-04,1,wk inc hosp,2023-11-11,36,quantile,0.65,62
2023-11-04,1,wk inc hosp,2023-11-11,36,quantile,0.7,68
2023-11-04,1,wk inc hosp,2023-11-11,36,quantile,0.75,75.94860698606988
2023-11-04,1,wk inc hosp,2023-11-11,36,quantile,0.8,86.49442694426956
2023-11-04,1,wk inc hosp,2023-11-11,36,quantile,0.85,106.53444984449827
2023-11-04,1,wk inc hosp,2023-11-11,36,quantile,0.9,153.39827598276034
2023-11-04,1,wk inc hosp,2023-11-11,36,quantile,0.95,271.78478784787836
2023-11-04,1,wk inc hosp,2023-11-11,36,quantile,0.975,380.0690739407375
2023-11-04,1,wk inc hosp,2023-11-11,36,quantile,0.99,494.7918414184131
2023-11-04,1,wk inc hosp,2023-11-11,37,quantile,0.01,0
2023-11-04,1,wk inc hosp,2023-11-11,37,quantile,0.025,0
2023-11-04,1,wk inc hosp,2023-11-11,37,quantile,0.05,0
2023-11-04,1,wk inc hosp,2023-11-11,37,quantile,0.1,0
2023-11-04,1,wk inc hosp,2023-11-11,37,quantile,0.15,0
2023-11-04,1,wk inc hosp,2023-11-11,37,quantile,0.2,1.6453804538045431
2023-11-04,1,wk inc hosp,2023-11-11,37,quantile,0.25,5.6998444984449765
2023-11-04,1,wk inc hosp,2023-11-11,37,quantile,0.3,8.835668356683563
2023-11-04,1,wk inc hosp,2023-11-11,37,quantile,0.35,11.835668356683563
2023-11-04,1,wk inc hosp,2023-11-11,37,quantile,0.4,14.835668356683563
2023-11-04,1,wk inc hosp,2023-11-11,37,quantile,0.45,17.835668356683563
2023-11-04,1,wk inc hosp,2023-11-11,37,quantile,0.5,20
2023-11-04,1,wk inc hosp,2023-11-11,37,quantile,0.55,22.835668356683563
2023-11-04,1,wk inc hosp,2023-11-11,37,quantile,0.6,25.835668356683563
2023-11-04,1,wk inc hosp,2023-11-11,37,quantile,0.65,28.835668356683563
2023-11-04,1,wk inc hosp,2023-11-11,37,quantile,0.7,32.83566835668356
2023-11-04,1,wk inc hosp,2023-11-11,37,quantile,0.75,36.83566835668356
2023-11-04,1,wk inc hosp,2023-11-11,37,quantile,0.8,42.83566835668356
2023-11-04,1,wk inc hosp,2023-11-11,37,quantile,0.85,53.83566835668356
2023-11-04,1,wk inc hosp,2023-11-11,37,quantile,0.9,79.10510205102054
2023-11-04,1,wk inc hosp,2023-11-11,37,quantile,0.95,105.5767682676825
2023-11-04,1,wk inc hosp,2023-11-11,37,quantile,0.975,137.5365088650885
2023-11-04,1,wk inc hosp,2023-11-11,37,quantile,0.99,224.49481504815054
2023-11-04,1,wk inc hosp,2023-11-11,38,quantile,0.01,0
2023-11-04,1,wk inc hosp,2023-11-11,38,quantile,0.025,0
2023-11-04,1,wk inc hosp,2023-11-11,38,quantile,0.05,0
2023-11-04,1,wk inc hosp,2023-11-11,38,quantile,0.1,0
2023-11-04,1,wk inc hosp,2023-11-11,38,quantile,0.15,0
2023-11-04,1,wk inc hosp,2023-11-11,38,quantile,0.2,0
2023-11-04,1,wk inc hosp,2023-11-11,38,quantile,0.25,0
2023-11-04,1,wk inc hosp,2023-11-11,38,quantile,0.3,0
2023-11-04,1,wk inc hosp,2023-11-11,38,quantile,0.35,0
2023-11-04,1,wk inc hosp,2023-11-11,38,quantile,0.4,1
2023-11-04,1,wk inc hosp,2023-11-11,38,quantile,0.45,1
2023-11-04,1,wk inc hosp,2023-11-11,38,quantile,0.5,1
2023-11-04,1,wk inc hosp,2023-11-11,38,quantile,0.55,2
2023-11-04,1,wk inc hosp,2023-11-11,38,quantile,0.6,2
2023-11-04,1,wk inc hosp,2023-11-11,38,quantile,0.65,3
2023-11-04,1,wk inc hosp,2023-11-11,38,quantile,0.7,4
2023-11-04,1,wk inc hosp,2023-11-11,38,quantile,0.75,4.707652076520759
2023-11-04,1,wk inc hosp,2023-11-11,38,quantile,0.8,6
2023-11-04,1,wk inc hosp,2023-11-11,38,quantile,0.85,8
2023-11-04,1,wk inc hosp,2023-11-11,38,quantile,0.9,11.327257272572766
2023-11-04,1,wk inc hosp,2023-11-11,38,quantile,0.95,19.233373833738273
2023-11-04,1,wk inc hosp,2023-11-11,38,quantile,0.975,28.40344178441781
2023-11-04,1,wk inc hosp,2023-11-11,38,quantile,0.99,33.12300123001228
2023-11-04,1,wk inc hosp,2023-11-11,39,quantile,0.01,0
2023-11-04,1,wk inc hosp,2023-11-11,39,quantile,0.025,0
2023-11-04,1,wk inc hosp,2023-11-11,39,quantile,0.05,0
2023-11-04,1,wk inc hosp,2023-11-11,39,quantile,0.1,0
2023-11-04,1,wk inc hosp,2023-11-11,39,quantile,0.15,0
2023-11-04,1,wk inc hosp,2023-11-11,39,quantile,0.2,1
2023-11-04,1,wk inc hosp,2023-11-11,39,quantile,0.25,4.755347553475534
2023-11-04,1,wk inc hosp,2023-11-11,39,quantile,0.3,8
2023-11-04,1,wk inc hosp,2023-11-11,39,quantile,0.35,11
2023-11-04,1,wk inc hosp,2023-11-11,39,quantile,0.4,13
2023-11-04,1,wk inc hosp,2023-11-11,39,quantile,0.45,15.120556705567058
2023-11-04,1,wk inc hosp,2023-11-11,39,quantile,0.5,17
2023-11-04,1,wk inc hosp,2023-11-11,39,quantile,0.55,19.306745567455696
2023-11-04,1,wk inc hosp,2023-11-11,39,quantile,0.6,21.66210062100619
2023-11-04,1,wk inc hosp,2023-11-11,39,quantile,0.65,24
2023-11-04,1,wk inc hosp,2023-11-11,39,quantile,0.7,27.63232832328321
2023-11-04,1,wk inc hosp,2023-11-11,39,quantile,0.75,32.01341263412633
2023-11-04,1,wk inc hosp,2023-11-11,39,quantile,0.8,39
2023-11-04,1,wk inc hosp,2023-11-11,39,quantile,0.85,49.76124211242115
2023-11-04,1,wk inc hosp,2023-11-11,39,quantile,0.9,82.1945229452295
2023-11-04,1,wk inc hosp,2023-11-11,39,quantile,0.95,125.46531365313652
2023-11-04,1,wk inc hosp,2023-11-11,39,quantile,0.975,255.34902799028
2023-11-04,1,wk inc hosp,2023-11-11,39,quantile,0.99,324.36125911259165
2023-11-04,1,wk inc hosp,2023-11-11,40,quantile,0.01,0
2023-11-04,1,wk inc hosp,2023-11-11,40,quantile,0.025,0
2023-11-04,1,wk inc hosp,2023-11-11,40,quantile,0.05,0
2023-11-04,1,wk inc hosp,2023-11-11,40,quantile,0.1,0
2023-11-04,1,wk inc hosp,2023-11-11,40,quantile,0.15,0
2023-11-04,1,wk inc hosp,2023-11-11,40,quantile,0.2,0
2023-11-04,1,wk inc hosp,2023-11-11,40,quantile,0.25,0
2023-11-04,1,wk inc hosp,2023-11-11,40,quantile,0.3,1
2023-11-04,1,wk inc hosp,2023-11-11,40,quantile,0.35,3
2023-11-04,1,wk inc hosp,2023-11-11,40,quantile,0.4,5.936033360333623
2023-11-04,1,wk inc hosp,2023-11-11,40,quantile,0.45,8
2023-11-04,1,wk inc hosp,2023-11-11,40,quantile,0.5,10
2023-11-04,1,wk inc hosp,2023-11-11,40,quantile,0.55,12.683336833368344
2023-11-04,1,wk inc hosp,2023-11-11,40,quantile,0.6,15
2023-11-04,1,wk inc hosp,2023-11-11,40,quantile,0.65,18.00473954739548
2023-11-04,1,wk inc hosp,2023-11-11,40,quantile,0.7,22
2023-11-04,1,wk inc hosp,2023-11-11,40,quantile,0.75,27
2023-11-04,1,wk inc hosp,2023-11-11,40,quantile,0.8,33.81981219812204
2023-11-04,1,wk inc hosp,2023-11-11,40,quantile,0.85,44.77258122581224
2023-11-04,1,wk inc hosp,2023-11-11,40,quantile,0.9,72.54132841328426
2023-11-04,1,wk inc hosp,2023-11-11,40,quantile,0.95,109.52101321013157
2023-11-04,1,wk inc hosp,2023-11-11,40,quantile,0.975,216.8263537635373
2023-11-04,1,wk inc hosp,2023-11-11,40,quantile,0.99,268.8521489214893
2023-11-04,1,wk inc hosp,2023-11-11,41,quantile,0.01,0
2023-11-04,1,wk inc hosp,2023-11-11,41,quantile,0.025,0
2023-11-04,1,wk inc hosp,2023-11-11,41,quantile,0.05,0
2023-11-04,1,wk inc hosp,2023-11-11,41,quantile,0.1,0
2023-11-04,1,wk inc hosp,2023-11-11,41,quantile,0.15,4.519603196031957
2023-11-04,1,wk inc hosp,2023-11-11,41,quantile,0.2,8
2023-11-04,1,wk inc hosp,2023-11-11,41,quantile,0.25,10
2023-11-04,1,wk inc hosp,2023-11-11,41,quantile,0.3,11
2023-11-04,1,wk inc hosp,2023-11-11,41,quantile,0.35,12
2023-11-04,1,wk inc hosp,2023-11-11,41,quantile,0.4,12.717721177211772
2023-11-04,1,wk inc hosp,2023-11-11,41,quantile,0.45,13
2023-11-04,1,wk inc hosp,2023-11-11,41,quantile,0.5,14
2023-11-04,1,wk inc hosp,2023-11-11,41,quantile,0.55,15
2023-11-04,1,wk inc hosp,2023-11-11,41,quantile,0.6,15.671464714647147
2023-11-04,1,wk inc hosp,2023-11-11,41,quantile,0.65,16
2023-11-04,1,wk inc hosp,2023-11-11,41,quantile,0.7,17
2023-11-04,1,wk inc hosp,2023-11-11,41,quantile,0.75,18.220699706997074
2023-11-04,1,wk inc hosp,2023-11-11,41,quantile,0.8,20
2023-11-04,1,wk inc hosp,2023-11-11,41,quantile,0.85,24.585164851648514
2023-11-04,1,wk inc hosp,2023-11-11,41,quantile,0.9,39.424924249242544
2023-11-04,1,wk inc hosp,2023-11-11,41,quantile,0.95,107.18923889238881
2023-11-04,1,wk inc hosp,2023-11-11,41,quantile,0.975,207.99354118541197
2023-11-04,1,wk inc hosp,2023-11-11,41,quantile,0.99,261.0002287022869
2023-11-04,1,wk inc hosp,2023-11-11,42,quantile,0.01,0
2023-11-04,1,wk inc hosp,2023-11-11,42,quantile,0.025,0
2023-11-04,1,wk inc hosp,2023-11-11,42,quantile,0.05,0
2023-11-04,1,wk inc hosp,2023-11-11,42,quantile,0.1,0
2023-11-04,1,wk inc hosp,2023-11-11,42,quantile,0.15,12.283843338433396
2023-11-04,1,wk inc hosp,2023-11-11,42,quantile,0.2,22.207136071360715
2023-11-04,1,wk inc hosp,2023-11-11,42,quantile,0.25,29.079360793607943
2023-11-04,1,wk inc hosp,2023-11-11,42,quantile,0.3,34.85339053390534
2023-11-04,1,wk inc hosp,2023-11-11,42,quantile,0.35,39
2023-11-04,1,wk inc hosp,2023-11-11,42,quantile,0.4,43
2023-11-04,1,wk inc hosp,2023-11-11,42,quantile,0.45,46.67818928189283
2023-11-04,1,wk inc hosp,2023-11-11,42,quantile,0.5,50
2023-11-04,1,wk inc hosp,2023-11-11,42,quantile,0.55,53.54468644686446
2023-11-04,1,wk inc hosp,2023-11-11,42,quantile,0.6,57
2023-11-04,1,wk inc hosp,2023-11-11,42,quantile,0.65,61.041695916959185
2023-11-04,1,wk inc hosp,2023-11-11,42,quantile,0.7,66
2023-11-04,1,wk inc hosp,2023-11-11,42,quantile,0.75,71.50350503505037
2023-11-04,1,wk inc hosp,2023-11-11,42,quantile,0.8,79.04821848218485
2023-11-04,1,wk inc hosp,2023-11-11,42,quantile,0.85,92.07410024100243
2023-11-04,1,wk inc hosp,2023-11-11,42,quantile,0.9,120.03711237112367
2023-11-04,1,wk inc hosp,2023-11-11,42,quantile,0.95,198.51714667146638
2023-11-04,1,wk inc hosp,2023-11-11,42,quantile,0.975,331.1877711277114
2023-11-04,1,wk inc hosp,2023-11-11,42,quantile,0.99,430.8358964589579
2023-11-04,1,wk inc hosp,2023-11-11,44,quantile,0.01,0
2023-11-04,1,wk inc hosp,2023-11-11,44,quantile,0.025,0
2023-11-04,1,wk inc hosp,2023-11-11,44,quantile,0.05,0
2023-11-04,1,wk inc hosp,2023-11-11,44,quantile,0.1,0
2023-11-04,1,wk inc hosp,2023-11-11,44,quantile,0.15,0
2023-11-04,1,wk inc hosp,2023-11-11,44,quantile,0.2,0
2023-11-04,1,wk inc hosp,2023-11-11,44,quantile,0.25,0
2023-11-04,1,wk inc hosp,2023-11-11,44,quantile,0.3,0
2023-11-04,1,wk inc hosp,2023-11-11,44,quantile,0.35,0
2023-11-04,1,wk inc hosp,2023-11-11,44,quantile,0.4,1
2023-11-04,1,wk inc hosp,2023-11-11,44,quantile,0.45,1
2023-11-04,1,wk inc hosp,2023-11-11,44,quantile,0.5,1
2023-11-04,1,wk inc hosp,2023-11-11,44,quantile,0.55,1
2023-11-04,1,wk inc hosp,2023-11-11,44,quantile,0.6,2
2023-11-04,1,wk inc hosp,2023-11-11,44,quantile,0.65,2
2023-11-04,1,wk inc hosp,2023-11-11,44,quantile,0.7,2.437498374983731
2023-11-04,1,wk inc hosp,2023-11-11,44,quantile,0.75,3
2023-11-04,1,wk inc hosp,2023-11-11,44,quantile,0.8,4
2023-11-04,1,wk inc hosp,2023-11-11,44,quantile,0.85,5
2023-11-04,1,wk inc hosp,2023-11-11,44,quantile,0.9,6.974182741827416
2023-11-04,1,wk inc hosp,2023-11-11,44,quantile,0.95,12.571524215242139
2023-11-04,1,wk inc hosp,2023-11-11,44,quantile,0.975,19.19726597265969
2023-11-04,1,wk inc hosp,2023-11-11,44,quantile,0.99,29.076569565695667
2023-11-04,1,wk inc hosp,2023-11-11,45,quantile,0.01,0
2023-11-04,1,wk inc hosp,2023-11-11,45,quantile,0.025,0
2023-11-04,1,wk inc hosp,2023-11-11,45,quantile,0.05,0
2023-11-04,1,wk inc hosp,2023-11-11,45,quantile,0.1,1
2023-11-04,1,wk inc hosp,2023-11-11,45,quantile,0.15,6
2023-11-04,1,wk inc hosp,2023-11-11,45,quantile,0.2,9
2023-11-04,1,wk inc hosp,2023-11-11,45,quantile,0.25,12
2023-11-04,1,wk inc hosp,2023-11-11,45,quantile,0.3,14
2023-11-04,1,wk inc hosp,2023-11-11,45,quantile,0.35,16
2023-11-04,1,wk inc hosp,2023-11-11,45,quantile,0.4,17.9779257792578
2023-11-04,1,wk inc hosp,2023-11-11,45,quantile,0.45,19.061135111351128
2023-11-04,1,wk inc hosp,2023-11-11,45,quantile,0.5,21
2023-11-04,1,wk inc hosp,2023-11-11,45,quantile,0.55,23
2023-11-04,1,wk inc hosp,2023-11-11,45,quantile,0.6,24.20553005530056
2023-11-04,1,wk inc hosp,2023-11-11,45,quantile,0.65,26
2023-11-04,1,wk inc hosp,2023-11-11,45,quantile,0.7,28
2023-11-04,1,wk inc hosp,2023-11-11,45,quantile,0.75,30.51771767717677
2023-11-04,1,wk inc hosp,2023-11-11,45,quantile,0.8,33
2023-11-04,1,wk inc hosp,2023-11-11,45,quantile,0.85,37
2023-11-04,1,wk inc hosp,2023-11-11,45,quantile,0.9,44
2023-11-04,1,wk inc hosp,2023-11-11,45,quantile,0.95,59.50518005180048
2023-11-04,1,wk inc hosp,2023-11-11,45,quantile,0.975,95.12853928539283
2023-11-04,1,wk inc hosp,2023-11-11,45,quantile,0.99,109.4823816238162
2023-11-04,1,wk inc hosp,2023-11-11,46,quantile,0.01,0
2023-11-04,1,wk inc hosp,2023-11-11,46,quantile,0.025,0
2023-11-04,1,wk inc hosp,2023-11-11,46,quantile,0.05,0
2023-11-04,1,wk inc hosp,2023-11-11,46,quantile,0.1,0
2023-11-04,1,wk inc hosp,2023-11-11,46,quantile,0.15,0
2023-11-04,1,wk inc hosp,2023-11-11,46,quantile,0.2,0
2023-11-04,1,wk inc hosp,2023-11-11,46,quantile,0.25,0
2023-11-04,1,wk inc hosp,2023-11-11,46,quantile,0.3,1
2023-11-04,1,wk inc hosp,2023-11-11,46,quantile,0.35,1
2023-11-04,1,wk inc hosp,2023-11-11,46,quantile,0.4,2
2023-11-04,1,wk inc hosp,2023-11-11,46,quantile,0.45,3
2023-11-04,1,wk inc hosp,2023-11-11,46,quantile,0.5,3
2023-11-04,1,wk inc hosp,2023-11-11,46,quantile,0.55,4
2023-11-04,1,wk inc hosp,2023-11-11,46,quantile,0.6,5
2023-11-04,1,wk inc hosp,2023-11-11,46,quantile,0.65,5.949809998099983
2023-11-04,1,wk inc hosp,2023-11-11,46,quantile,0.7,7
2023-11-04,1,wk inc hosp,2023-11-11,46,quantile,0.75,8
2023-11-04,1,wk inc hosp,2023-11-11,46,quantile,0.8,10
2023-11-04,1,wk inc hosp,2023-11-11,46,quantile,0.85,12
2023-11-04,1,wk inc hosp,2023-11-11,46,quantile,0.9,14.98751987519878
2023-11-04,1,wk inc hosp,2023-11-11,46,quantile,0.95,21
2023-11-04,1,wk inc hosp,2023-11-11,46,quantile,0.975,27.97644001440013
2023-11-04,1,wk inc hosp,2023-11-11,46,quantile,0.99,39.50719287192868
2023-11-04,1,wk inc hosp,2023-11-11,47,quantile,0.01,0
2023-11-04,1,wk inc hosp,2023-11-11,47,quantile,0.025,0
2023-11-04,1,wk inc hosp,2023-11-11,47,quantile,0.05,0
2023-11-04,1,wk inc hosp,2023-11-11,47,quantile,0.1,10.030272302723038
2023-11-04,1,wk inc hosp,2023-11-11,47,quantile,0.15,19
2023-11-04,1,wk inc hosp,2023-11-11,47,quantile,0.2,25
2023-11-04,1,wk inc hosp,2023-11-11,47,quantile,0.25,29.083355833558326
2023-11-04,1,wk inc hosp,2023-11-11,47,quantile,0.3,33
2023-11-04,1,wk inc hosp,2023-11-11,47,quantile,0.35,36
2023-11-04,1,wk inc hosp,2023-11-11,47,quantile,0.4,39
2023-11-04,1,wk inc hosp,2023-11-11,47,quantile,0.45,41.555175551755525
2023-11-04,1,wk inc hosp,2023-11-11,47,quantile,0.5,44
2023-11-04,1,wk inc hosp,2023-11-11,47,quantile,0.55,46.876982769827706
2023-11-04,1,wk inc hosp,2023-11-11,47,quantile,0.6,49.10946909469094
2023-11-04,1,wk inc hosp,2023-11-11,47,quantile,0.65,52
2023-11-04,1,wk inc hosp,2023-11-11,47,quantile,0.7,55.182865828658265
2023-11-04,1,wk inc hosp,2023-11-11,47,quantile,0.75,59
2023-11-04,1,wk inc hosp,2023-11-11,47,quantile,0.8,63.456396563965626
2023-11-04,1,wk inc hosp,2023-11-11,47,quantile,0.85,69.74583395833959
2023-11-04,1,wk inc hosp,2023-11-11,47,quantile,0.9,80.19949699497
2023-11-04,1,wk inc hosp,2023-11-11,47,quantile,0.95,131.999990499905
2023-11-04,1,wk inc hosp,2023-11-11,47,quantile,0.975,234.73045280452797
2023-11-04,1,wk inc hosp,2023-11-11,47,quantile,0.99,258.40971739717304
2023-11-04,1,wk inc hosp,2023-11-11,48,quantile,0.01,0
2023-11-04,1,wk inc hosp,2023-11-11,48,quantile,0.025,0
2023-11-04,1,wk inc hosp,2023-11-11,48,quantile,0.05,0
2023-11-04,1,wk inc hosp,2023-11-11,48,quantile,0.1,73.54595845958461
2023-11-04,1,wk inc hosp,2023-11-11,48,quantile,0.15,129.430025300253
2023-11-04,1,wk inc hosp,2023-11-11,48,quantile,0.2,169.7242592425925
2023-11-04,1,wk inc hosp,2023-11-11,48,quantile,0.25,202.63297382973826
2023-11-04,1,wk inc hosp,2023-11-11,48,quantile,0.3,217.55257452574529
2023-11-04,1,wk inc hosp,2023-11-11,48,quantile,0.35,227
2023-11-04,1,wk inc hosp,2023-11-11,48,quantile,0.4,233.8588385883859
2023-11-04,1,wk inc hosp,2023-11-11,48,quantile,0.45,240
2023-11-04,1,wk inc hosp,2023-11-11,48,quantile,0.5,246
2023-11-04,1,wk inc hosp,2023-11-11,48,quantile,0.55,252
2023-11-04,1,wk inc hosp,2023-11-11,48,quantile,0.6,258.0763227632275
2023-11-04,1,wk inc hosp,2023-11-11,48,quantile,0.65,265.0847138471385
2023-11-04,1,wk inc hosp,2023-11-11,48,quantile,0.7,274.7121571215712
2023-11-04,1,wk inc hosp,2023-11-11,48,quantile,0.75,289.75232502325014
2023-11-04,1,wk inc hosp,2023-11-11,48,quantile,0.8,323.40674006740085
2023-11-04,1,wk inc hosp,2023-11-11,48,quantile,0.85,363.43033430334293
2023-11-04,1,wk inc hosp,2023-11-11,48,quantile,0.9,421.46425564255685
2023-11-04,1,wk inc hosp,2023-11-11,48,quantile,0.95,529.1473724737245
2023-11-04,1,wk inc hosp,2023-11-11,48,quantile,0.975,661.7999424994229
2023-11-04,1,wk inc hosp,2023-11-11,48,quantile,0.99,759.9776793767938
2023-11-04,1,wk inc hosp,2023-11-11,49,quantile,0.01,0
2023-11-04,1,wk inc hosp,2023-11-11,49,quantile,0.025,0
2023-11-04,1,wk inc hosp,2023-11-11,49,quantile,0.05,0
2023-11-04,1,wk inc hosp,2023-11-11,49,quantile,0.1,0
2023-11-04,1,wk inc hosp,2023-11-11,49,quantile,0.15,0
2023-11-04,1,wk inc hosp,2023-11-11,49,quantile,0.2,1
2023-11-04,1,wk inc hosp,2023-11-11,49,quantile,0.25,1.4137941379413768
2023-11-04,1,wk inc hosp,2023-11-11,49,quantile,0.3,2
2023-11-04,1,wk inc hosp,2023-11-11,49,quantile,0.35,3
2023-11-04,1,wk inc hosp,2023-11-11,49,quantile,0.4,4
2023-11-04,1,wk inc hosp,2023-11-11,49,quantile,0.45,4.099576995769965
2023-11-04,1,wk inc hosp,2023-11-11,49,quantile,0.5,5
2023-11-04,1,wk inc hosp,2023-11-11,49,quantile,0.55,6
2023-11-04,1,wk inc hosp,2023-11-11,49,quantile,0.6,6
2023-11-04,1,wk inc hosp,2023-11-11,49,quantile,0.65,7
2023-11-04,1,wk inc hosp,2023-11-11,49,quantile,0.7,8
2023-11-04,1,wk inc hosp,2023-11-11,49,quantile,0.75,9
2023-11-04,1,wk inc hosp,2023-11-11,49,quantile,0.8,10
2023-11-04,1,wk inc hosp,2023-11-11,49,quantile,0.85,12
2023-11-04,1,wk inc hosp,2023-11-11,49,quantile,0.9,15
2023-11-04,1,wk inc hosp,2023-11-11,49,quantile,0.95,23.106101061010595
2023-11-04,1,wk inc hosp,2023-11-11,49,quantile,0.975,27.6968139681397
2023-11-04,1,wk inc hosp,2023-11-11,49,quantile,0.99,34.74323463234632
2023-11-04,1,wk inc hosp,2023-11-11,50,quantile,0.01,0
2023-11-04,1,wk inc hosp,2023-11-11,50,quantile,0.025,0
2023-11-04,1,wk inc hosp,2023-11-11,50,quantile,0.05,0
2023-11-04,1,wk inc hosp,2023-11-11,50,quantile,0.1,0
2023-11-04,1,wk inc hosp,2023-11-11,50,quantile,0.15,0
2023-11-04,1,wk inc hosp,2023-11-11,50,quantile,0.2,0
2023-11-04,1,wk inc hosp,2023-11-11,50,quantile,0.25,0
2023-11-04,1,wk inc hosp,2023-11-11,50,quantile,0.3,0
2023-11-04,1,wk inc hosp,2023-11-11,50,quantile,0.35,0
2023-11-04,1,wk inc hosp,2023-11-11,50,quantile,0.4,0
2023-11-04,1,wk inc hosp,2023-11-11,50,quantile,0.45,0
2023-11-04,1,wk inc hosp,2023-11-11,50,quantile,0.5,0
2023-11-04,1,wk inc hosp,2023-11-11,50,quantile,0.55,1
2023-11-04,1,wk inc hosp,2023-11-11,50,quantile,0.6,1
2023-11-04,1,wk inc hosp,2023-11-11,50,quantile,0.65,1
2023-11-04,1,wk inc hosp,2023-11-11,50,quantile,0.7,2
2023-11-04,1,wk inc hosp,2023-11-11,50,quantile,0.75,2
2023-11-04,1,wk inc hosp,2023-11-11,50,quantile,0.8,2.557875578755784
2023-11-04,1,wk inc hosp,2023-11-11,50,quantile,0.85,3
2023-11-04,1,wk inc hosp,2023-11-11,50,quantile,0.9,5
2023-11-04,1,wk inc hosp,2023-11-11,50,quantile,0.95,11.993159931599365
2023-11-04,1,wk inc hosp,2023-11-11,50,quantile,0.975,17.929558545585433
2023-11-04,1,wk inc hosp,2023-11-11,50,quantile,0.99,30.44345153451518
2023-11-04,1,wk inc hosp,2023-11-11,51,quantile,0.01,0
2023-11-04,1,wk inc hosp,2023-11-11,51,quantile,0.025,0
2023-11-04,1,wk inc hosp,2023-11-11,51,quantile,0.05,0
2023-11-04,1,wk inc hosp,2023-11-11,51,quantile,0.1,27.181809818098202
2023-11-04,1,wk inc hosp,2023-11-11,51,quantile,0.15,38.41952319523195
2023-11-04,1,wk inc hosp,2023-11-11,51,quantile,0.2,43.57783977839779
2023-11-04,1,wk inc hosp,2023-11-11,51,quantile,0.25,47.24244742447425
2023-11-04,1,wk inc hosp,2023-11-11,51,quantile,0.3,50.84731747317473
2023-11-04,1,wk inc hosp,2023-11-11,51,quantile,0.35,53.37553025530255
2023-11-04,1,wk inc hosp,2023-11-11,51,quantile,0.4,56
2023-11-04,1,wk inc hosp,2023-11-11,51,quantile,0.45,58.816044160441606
2023-11-04,1,wk inc hosp,2023-11-11,51,quantile,0.5,61
2023-11-04,1,wk inc hosp,2023-11-11,51,quantile,0.55,63.15525455254553
2023-11-04,1,wk inc hosp,2023-11-11,51,quantile,0.6,66
2023-11-04,1,wk inc hosp,2023-11-11,51,quantile,0.65,68.77111021110213
2023-11-04,1,wk inc hosp,2023-11-11,51,quantile,0.7,71.24249842498423
2023-11-04,1,wk inc hosp,2023-11-11,51,quantile,0.75,75
2023-11-04,1,wk inc hosp,2023-11-11,51,quantile,0.8,78.93949339493395
2023-11-04,1,wk inc hosp,2023-11-11,51,quantile,0.85,84
2023-11-04,1,wk inc hosp,2023-11-11,51,quantile,0.9,95.44046540465422
2023-11-04,1,wk inc hosp,2023-11-11,51,quantile,0.95,152.70616656166553
2023-11-04,1,wk inc hosp,2023-11-11,51,quantile,0.975,181.55847558475554
2023-11-04,1,wk inc hosp,2023-11-11,51,quantile,0.99,198.1116359163591
2023-11-04,1,wk inc hosp,2023-11-11,53,quantile,0.01,0
2023-11-04,1,wk inc hosp,2023-11-11,53,quantile,0.025,0
2023-11-04,1,wk inc hosp,2023-11-11,53,quantile,0.05,0
2023-11-04,1,wk inc hosp,2023-11-11,53,quantile,0.1,0
2023-11-04,1,wk inc hosp,2023-11-11,53,quantile,0.15,0
2023-11-04,1,wk inc hosp,2023-11-11,53,quantile,0.2,0
2023-11-04,1,wk inc hosp,2023-11-11,53,quantile,0.25,0.7308223082230851
2023-11-04,1,wk inc hosp,2023-11-11,53,quantile,0.3,1.8219032190321904
2023-11-04,1,wk inc hosp,2023-11-11,53,quantile,0.35,3.8219032190321904
2023-11-04,1,wk inc hosp,2023-11-11,53,quantile,0.4,4.845329453294548
2023-11-04,1,wk inc hosp,2023-11-11,53,quantile,0.45,6.82190321903219
2023-11-04,1,wk inc hosp,2023-11-11,53,quantile,0.5,8
2023-11-04,1,wk inc hosp,2023-11-11,53,quantile,0.55,9.82190321903219
2023-11-04,1,wk inc hosp,2023-11-11,53,quantile,0.6,11.82190321903219
2023-11-04,1,wk inc hosp,2023-11-11,53,quantile,0.65,13.530839308393102
2023-11-04,1,wk inc hosp,2023-11-11,53,quantile,0.7,15.82190321903219
2023-11-04,1,wk inc hosp,2023-11-11,53,quantile,0.75,18.3169656696567
2023-11-04,1,wk inc hosp,2023-11-11,53,quantile,0.8,21.82190321903219
2023-11-04,1,wk inc hosp,2023-11-11,53,quantile,0.85,27.34897198971987
2023-11-04,1,wk inc hosp,2023-11-11,53,quantile,0.9,39.53022330223304
2023-11-04,1,wk inc hosp,2023-11-11,53,quantile,0.95,102.85899108991065
2023-11-04,1,wk inc hosp,2023-11-11,53,quantile,0.975,182.02679351793435
2023-11-04,1,wk inc hosp,2023-11-11,53,quantile,0.99,309.4249602496024
2023-11-04,1,wk inc hosp,2023-11-11,54,quantile,0.01,0
2023-11-04,1,wk inc hosp,2023-11-11,54,quantile,0.025,0
2023-11-04,1,wk inc hosp,2023-11-11,54,quantile,0.05,0
2023-11-04,1,wk inc hosp,2023-11-11,54,quantile,0.1,0
2023-11-04,1,wk inc hosp,2023-11-11,54,quantile,0.15,0
2023-11-04,1,wk inc hosp,2023-11-11,54,quantile,0.2,0
2023-11-04,1,wk inc hosp,2023-11-11,54,quantile,0.25,0
2023-11-04,1,wk inc hosp,2023-11-11,54,quantile,0.3,0
2023-11-04,1,wk inc hosp,2023-11-11,54,quantile,0.35,0
2023-11-04,1,wk inc hosp,2023-11-11,54,quantile,0.4,1.5470514705147167
2023-11-04,1,wk inc hosp,2023-11-11,54,quantile,0.45,3
2023-11-04,1,wk inc hosp,2023-11-11,54,quantile,0.5,4
2023-11-04,1,wk inc hosp,2023-11-11,54,quantile,0.55,5
2023-11-04,1,wk inc hosp,2023-11-11,54,quantile,0.6,6
2023-11-04,1,wk inc hosp,2023-11-11,54,quantile,0.65,7
2023-11-04,1,wk inc hosp,2023-11-11,54,quantile,0.7,8.890860908609078
2023-11-04,1,wk inc hosp,2023-11-11,54,quantile,0.75,10
2023-11-04,1,wk inc hosp,2023-11-11,54,quantile,0.8,13
2023-11-04,1,wk inc hosp,2023-11-11,54,quantile,0.85,17.245463454634564
2023-11-04,1,wk inc hosp,2023-11-11,54,quantile,0.9,27.4656826568266
2023-11-04,1,wk inc hosp,2023-11-11,54,quantile,0.95,47.56110411104104
2023-11-04,1,wk inc hosp,2023-11-11,54,quantile,0.975,68.50053925539228
2023-11-04,1,wk inc hosp,2023-11-11,54,quantile,0.99,115.62145061450593
2023-11-04,1,wk inc hosp,2023-11-11,55,quantile,0.01,0
2023-11-04,1,wk inc hosp,2023-11-11,55,quantile,0.025,0
2023-11-04,1,wk inc hosp,2023-11-11,55,quantile,0.05,0
2023-11-04,1,wk inc hosp,2023-11-11,55,quantile,0.1,0
2023-11-04,1,wk inc hosp,2023-11-11,55,quantile,0.15,0
2023-11-04,1,wk inc hosp,2023-11-11,55,quantile,0.2,0
2023-11-04,1,wk inc hosp,2023-11-11,55,quantile,0.25,0
2023-11-04,1,wk inc hosp,2023-11-11,55,quantile,0.3,2
2023-11-04,1,wk inc hosp,2023-11-11,55,quantile,0.35,3
2023-11-04,1,wk inc hosp,2023-11-11,55,quantile,0.4,5
2023-11-04,1,wk inc hosp,2023-11-11,55,quantile,0.45,6
2023-11-04,1,wk inc hosp,2023-11-11,55,quantile,0.5,7
2023-11-04,1,wk inc hosp,2023-11-11,55,quantile,0.55,9
2023-11-04,1,wk inc hosp,2023-11-11,55,quantile,0.6,10.71398713987141
2023-11-04,1,wk inc hosp,2023-11-11,55,quantile,0.65,12.026580265802664
2023-11-04,1,wk inc hosp,2023-11-11,55,quantile,0.7,14.60684406844069
2023-11-04,1,wk inc hosp,2023-11-11,55,quantile,0.75,17.301975519755203
2023-11-04,1,wk inc hosp,2023-11-11,55,quantile,0.8,21
2023-11-04,1,wk inc hosp,2023-11-11,55,quantile,0.85,26.951296512965055
2023-11-04,1,wk inc hosp,2023-11-11,55,quantile,0.9,38.66569565695659
2023-11-04,1,wk inc hosp,2023-11-11,55,quantile,0.95,68.68633686336861
2023-11-04,1,wk inc hosp,2023-11-11,55,quantile,0.975,154.18316733167325
2023-11-04,1,wk inc hosp,2023-11-11,55,quantile,0.99,180.74631676316696
2023-11-04,1,wk inc hosp,2023-11-11,56,quantile,0.01,0
2023-11-04,1,wk inc hosp,2023-11-11,56,quantile,0.025,0
2023-11-04,1,wk inc hosp,2023-11-11,56,quantile,0.05,0
2023-11-04,1,wk inc hosp,2023-11-11,56,quantile,0.1,0
2023-11-04,1,wk inc hosp,2023-11-11,56,quantile,0.15,0
2023-11-04,1,wk inc hosp,2023-11-11,56,quantile,0.2,0
2023-11-04,1,wk inc hosp,2023-11-11,56,quantile,0.25,0
2023-11-04,1,wk inc hosp,2023-11-11,56,quantile,0.3,0
2023-11-04,1,wk inc hosp,2023-11-11,56,quantile,0.35,0
2023-11-04,1,wk inc hosp,2023-11-11,56,quantile,0.4,0
2023-11-04,1,wk inc hosp,2023-11-11,56,quantile,0.45,0
2023-11-04,1,wk inc hosp,2023-11-11,56,quantile,0.5,0
2023-11-04,1,wk inc hosp,2023-11-11,56,quantile,0.55,0
2023-11-04,1,wk inc hosp,2023-11-11,56,quantile,0.6,0
2023-11-04,1,wk inc hosp,2023-11-11,56,quantile,0.65,1
2023-11-04,1,wk inc hosp,2023-11-11,56,quantile,0.7,1
2023-11-04,1,wk inc hosp,2023-11-11,56,quantile,0.75,2
2023-11-04,1,wk inc hosp,2023-11-11,56,quantile,0.8,3
2023-11-04,1,wk inc hosp,2023-11-11,56,quantile,0.85,4
2023-11-04,1,wk inc hosp,2023-11-11,56,quantile,0.9,6
2023-11-04,1,wk inc hosp,2023-11-11,56,quantile,0.95,14.319511695116885
2023-11-04,1,wk inc hosp,2023-11-11,56,quantile,0.975,24.34563345633441
2023-11-04,1,wk inc hosp,2023-11-11,56,quantile,0.99,32.5020673206732
2023-11-04,1,wk inc hosp,2023-11-11,72,quantile,0.01,101.41537425374253
2023-11-04,1,wk inc hosp,2023-11-11,72,quantile,0.025,112.03892538925389
2023-11-04,1,wk inc hosp,2023-11-11,72,quantile,0.05,125
2023-11-04,1,wk inc hosp,2023-11-11,72,quantile,0.1,138.1409844098441
2023-11-04,1,wk inc hosp,2023-11-11,72,quantile,0.15,144
2023-11-04,1,wk inc hosp,2023-11-11,72,quantile,0.2,148
2023-11-04,1,wk inc hosp,2023-11-11,72,quantile,0.25,151.50133001330016
2023-11-04,1,wk inc hosp,2023-11-11,72,quantile,0.3,154.31228712287123
2023-11-04,1,wk inc hosp,2023-11-11,72,quantile,0.35,157
2023-11-04,1,wk inc hosp,2023-11-11,72,quantile,0.4,159.5328913289133
2023-11-04,1,wk inc hosp,2023-11-11,72,quantile,0.45,162
2023-11-04,1,wk inc hosp,2023-11-11,72,quantile,0.5,164
2023-11-04,1,wk inc hosp,2023-11-11,72,quantile,0.55,166
2023-11-04,1,wk inc hosp,2023-11-11,72,quantile,0.6,168.59049390493905
2023-11-04,1,wk inc hosp,2023-11-11,72,quantile,0.65,171
2023-11-04,1,wk inc hosp,2023-11-11,72,quantile,0.7,173.76155961559616
2023-11-04,1,wk inc hosp,2023-11-11,72,quantile,0.75,176.4746722467225
2023-11-04,1,wk inc hosp,2023-11-11,72,quantile,0.8,180
2023-11-04,1,wk inc hosp,2023-11-11,72,quantile,0.85,184
2023-11-04,1,wk inc hosp,2023-11-11,72,quantile,0.9,189.77230172301722
2023-11-04,1,wk inc hosp,2023-11-11,72,quantile,0.95,203.14665396653956
2023-11-04,1,wk inc hosp,2023-11-11,72,quantile,0.975,215.65029500294978
2023-11-04,1,wk inc hosp,2023-11-11,72,quantile,0.99,227
2023-11-04,1,wk inc hosp,2023-11-11,US,quantile,0.01,0
2023-11-04,1,wk inc hosp,2023-11-11,US,quantile,0.025,0
2023-11-04,1,wk inc hosp,2023-11-11,US,quantile,0.05,0
2023-11-04,1,wk inc hosp,2023-11-11,US,quantile,0.1,142.8670756707568
2023-11-04,1,wk inc hosp,2023-11-11,US,quantile,0.15,982.5127191271913
2023-11-04,1,wk inc hosp,2023-11-11,US,quantile,0.2,1192.805414054141
2023-11-04,1,wk inc hosp,2023-11-11,US,quantile,0.25,1309.7536775367753
2023-11-04,1,wk inc hosp,2023-11-11,US,quantile,0.3,1394.2528195281952
2023-11-04,1,wk inc hosp,2023-11-11,US,quantile,0.35,1462.8602076020761
2023-11-04,1,wk inc hosp,2023-11-11,US,quantile,0.4,1516.5687316873168
2023-11-04,1,wk inc hosp,2023-11-11,US,quantile,0.45,1566.7882023820239
2023-11-04,1,wk inc hosp,2023-11-11,US,quantile,0.5,1610
2023-11-04,1,wk inc hosp,2023-11-11,US,quantile,0.55,1655.528576285763
2023-11-04,1,wk inc hosp,2023-11-11,US,quantile,0.6,1705.5064870648703
2023-11-04,1,wk inc hosp,2023-11-11,US,quantile,0.65,1760.4865073650735
2023-11-04,1,wk inc hosp,2023-11-11,US,quantile,0.7,1830.079176791768
2023-11-04,1,wk inc hosp,2023-11-11,US,quantile,0.75,1915.2690226902268
2023-11-04,1,wk inc hosp,2023-11-11,US,quantile,0.8,2038.270442704428
2023-11-04,1,wk inc hosp,2023-11-11,US,quantile,0.85,2253.117762677629
2023-11-04,1,wk inc hosp,2023-11-11,US,quantile,0.9,3456.516867168671
2023-11-04,1,wk inc hosp,2023-11-11,US,quantile,0.95,4239.636515365156
2023-11-04,1,wk inc hosp,2023-11-11,US,quantile,0.975,7587.7115138651
2023-11-04,1,wk inc hosp,2023-11-11,US,quantile,0.99,9027.632689626915
2023-11-04,2,wk inc hosp,2023-11-18,01,quantile,0.01,0
2023-11-04,2,wk inc hosp,2023-11-18,01,quantile,0.025,0
2023-11-04,2,wk inc hosp,2023-11-18,01,quantile,0.05,0
2023-11-04,2,wk inc hosp,2023-11-18,01,quantile,0.1,0
2023-11-04,2,wk inc hosp,2023-11-18,01,quantile,0.15,5.658036580365798
2023-11-04,2,wk inc hosp,2023-11-18,01,quantile,0.2,12.046040460404626
2023-11-04,2,wk inc hosp,2023-11-18,01,quantile,0.25,17
2023-11-04,2,wk inc hosp,2023-11-18,01,quantile,0.3,20.624674246742458
2023-11-04,2,wk inc hosp,2023-11-18,01,quantile,0.35,24
2023-11-04,2,wk inc hosp,2023-11-18,01,quantile,0.4,26.74656146561466
2023-11-04,2,wk inc hosp,2023-11-18,01,quantile,0.45,29.24689096890969
2023-11-04,2,wk inc hosp,2023-11-18,01,quantile,0.5,32
2023-11-04,2,wk inc hosp,2023-11-18,01,quantile,0.55,35
2023-11-04,2,wk inc hosp,2023-11-18,01,quantile,0.6,37.4549525495255
2023-11-04,2,wk inc hosp,2023-11-18,01,quantile,0.65,40.29643596435966
2023-11-04,2,wk inc hosp,2023-11-18,01,quantile,0.7,43.77570775707756
2023-11-04,2,wk inc hosp,2023-11-18,01,quantile,0.75,47.6969694696947
2023-11-04,2,wk inc hosp,2023-11-18,01,quantile,0.8,52.95268552685527
2023-11-04,2,wk inc hosp,2023-11-18,01,quantile,0.85,61.26856468564685
2023-11-04,2,wk inc hosp,2023-11-18,01,quantile,0.9,78.81045710457101
2023-11-04,2,wk inc hosp,2023-11-18,01,quantile,0.95,124.09602946029452
2023-11-04,2,wk inc hosp,2023-11-18,01,quantile,0.975,150.3553678036779
2023-11-04,2,wk inc hosp,2023-11-18,01,quantile,0.99,166.20898658986584
2023-11-04,2,wk inc hosp,2023-11-18,02,quantile,0.01,0
2023-11-04,2,wk inc hosp,2023-11-18,02,quantile,0.025,4.2607226072260715
2023-11-04,2,wk inc hosp,2023-11-18,02,quantile,0.05,9.17581975819758
2023-11-04,2,wk inc hosp,2023-11-18,02,quantile,0.1,16.11626116261163
2023-11-04,2,wk inc hosp,2023-11-18,02,quantile,0.15,20.611675116751165
2023-11-04,2,wk inc hosp,2023-11-18,02,quantile,0.2,23
2023-11-04,2,wk inc hosp,2023-11-18,02,quantile,0.25,25
2023-11-04,2,wk inc hosp,2023-11-18,02,quantile,0.3,26
2023-11-04,2,wk inc hosp,2023-11-18,02,quantile,0.35,27
2023-11-04,2,wk inc hosp,2023-11-18,02,quantile,0.4,28
2023-11-04,2,wk inc hosp,2023-11-18,02,quantile,0.45,29
2023-11-04,2,wk inc hosp,2023-11-18,02,quantile,0.5,30
2023-11-04,2,wk inc hosp,2023-11-18,02,quantile,0.55,31
2023-11-04,2,wk inc hosp,2023-11-18,02,quantile,0.6,32
2023-11-04,2,wk inc hosp,2023-11-18,02,quantile,0.65,33
2023-11-04,2,wk inc hosp,2023-11-18,02,quantile,0.7,34
2023-11-04,2,wk inc hosp,2023-11-18,02,quantile,0.75,35
2023-11-04,2,wk inc hosp,2023-11-18,02,quantile,0.8,37
2023-11-04,2,wk inc hosp,2023-11-18,02,quantile,0.85,39.399187991879934
2023-11-04,2,wk inc hosp,2023-11-18,02,quantile,0.9,43.94200042000421
2023-11-04,2,wk inc hosp,2023-11-18,02,quantile,0.95,50.798330983309825
2023-11-04,2,wk inc hosp,2023-11-18,02,quantile,0.975,55.78340708407085
2023-11-04,2,wk inc hosp,2023-11-18,02,quantile,0.99,60.85512135121348
2023-11-04,2,wk inc hosp,2023-11-18,04,quantile,0.01,0
2023-11-04,2,wk inc hosp,2023-11-18,04,quantile,0.025,0
2023-11-04,2,wk inc hosp,2023-11-18,04,quantile,0.05,0
2023-11-04,2,wk inc hosp,2023-11-18,04,quantile,0.1,0
2023-11-04,2,wk inc hosp,2023-11-18,04,quantile,0.15,0
2023-11-04,2,wk inc hosp,2023-11-18,04,quantile,0.2,11.071631716317183
2023-11-04,2,wk inc hosp,2023-11-18,04,quantile,0.25,20.54026040260402
2023-11-04,2,wk inc hosp,2023-11-18,04,quantile,0.3,27.90562105621055
2023-11-04,2,wk inc hosp,2023-11-18,04,quantile,0.35,34.148919489194874
2023-11-04,2,wk inc hosp,2023-11-18,04,quantile,0.4,39.54026040260402
2023-11-04,2,wk inc hosp,2023-11-18,04,quantile,0.45,44.54026040260402
2023-11-04,2,wk inc hosp,2023-11-18,04,quantile,0.5,49
2023-11-04,2,wk inc hosp,2023-11-18,04,quantile,0.55,53.54026040260402
2023-11-04,2,wk inc hosp,2023-11-18,04,quantile,0.6,58.54026040260402
2023-11-04,2,wk inc hosp,2023-11-18,04,quantile,0.65,63.705685556855556
2023-11-04,2,wk inc hosp,2023-11-18,04,quantile,0.7,70.30717107171071
2023-11-04,2,wk inc hosp,2023-11-18,04,quantile,0.75,78.39866648666485
2023-11-04,2,wk inc hosp,2023-11-18,04,quantile,0.8,89.54026040260402
2023-11-04,2,wk inc hosp,2023-11-18,04,quantile,0.85,107.32325323253238
2023-11-04,2,wk inc hosp,2023-11-18,04,quantile,0.9,144.23871238712385
2023-11-04,2,wk inc hosp,2023-11-18,04,quantile,0.95,258.2183996839967
2023-11-04,2,wk inc hosp,2023-11-18,04,quantile,0.975,296.6730304803046
2023-11-04,2,wk inc hosp,2023-11-18,04,quantile,0.99,329.42209902098995
2023-11-04,2,wk inc hosp,2023-11-18,05,quantile,0.01,0
2023-11-04,2,wk inc hosp,2023-11-18,05,quantile,0.025,0
2023-11-04,2,wk inc hosp,2023-11-18,05,quantile,0.05,0
2023-11-04,2,wk inc hosp,2023-11-18,05,quantile,0.1,0
2023-11-04,2,wk inc hosp,2023-11-18,05,quantile,0.15,0
2023-11-04,2,wk inc hosp,2023-11-18,05,quantile,0.2,0
2023-11-04,2,wk inc hosp,2023-11-18,05,quantile,0.25,0
2023-11-04,2,wk inc hosp,2023-11-18,05,quantile,0.3,3.058773587735872
2023-11-04,2,wk inc hosp,2023-11-18,05,quantile,0.35,5.481887818878188
2023-11-04,2,wk inc hosp,2023-11-18,05,quantile,0.4,8.306753067530673
2023-11-04,2,wk inc hosp,2023-11-18,05,quantile,0.45,10.306753067530673
2023-11-04,2,wk inc hosp,2023-11-18,05,quantile,0.5,13
2023-11-04,2,wk inc hosp,2023-11-18,05,quantile,0.55,15.306753067530673
2023-11-04,2,wk inc hosp,2023-11-18,05,quantile,0.6,17.69746297462973
2023-11-04,2,wk inc hosp,2023-11-18,05,quantile,0.65,20.30675306753067
2023-11-04,2,wk inc hosp,2023-11-18,05,quantile,0.7,23.749216492164948
2023-11-04,2,wk inc hosp,2023-11-18,05,quantile,0.75,27.811040610406096
2023-11-04,2,wk inc hosp,2023-11-18,05,quantile,0.8,33.54156541565413
2023-11-04,2,wk inc hosp,2023-11-18,05,quantile,0.85,43.90262102621026
2023-11-04,2,wk inc hosp,2023-11-18,05,quantile,0.9,60.62467124671243
2023-11-04,2,wk inc hosp,2023-11-18,05,quantile,0.95,84.28424984249767
2023-11-04,2,wk inc hosp,2023-11-18,05,quantile,0.975,117.4712484624843
2023-11-04,2,wk inc hosp,2023-11-18,05,quantile,0.99,162.77100481004905
2023-11-04,2,wk inc hosp,2023-11-18,06,quantile,0.01,0
2023-11-04,2,wk inc hosp,2023-11-18,06,quantile,0.025,0
2023-11-04,2,wk inc hosp,2023-11-18,06,quantile,0.05,0
2023-11-04,2,wk inc hosp,2023-11-18,06,quantile,0.1,0
2023-11-04,2,wk inc hosp,2023-11-18,06,quantile,0.15,0
2023-11-04,2,wk inc hosp,2023-11-18,06,quantile,0.2,12.244990449904524
2023-11-04,2,wk inc hosp,2023-11-18,06,quantile,0.25,28.810158101581024
2023-11-04,2,wk inc hosp,2023-11-18,06,quantile,0.3,42.1489544895449
2023-11-04,2,wk inc hosp,2023-11-18,06,quantile,0.35,52.41933419334194
2023-11-04,2,wk inc hosp,2023-11-18,06,quantile,0.4,61.10311303113033
2023-11-04,2,wk inc hosp,2023-11-18,06,quantile,0.45,68.41933419334194
2023-11-04,2,wk inc hosp,2023-11-18,06,quantile,0.5,76
2023-11-04,2,wk inc hosp,2023-11-18,06,quantile,0.55,83.41933419334194
2023-11-04,2,wk inc hosp,2023-11-18,06,quantile,0.6,91.24144641446412
2023-11-04,2,wk inc hosp,2023-11-18,06,quantile,0.65,100.19243392433927
2023-11-04,2,wk inc hosp,2023-11-18,06,quantile,0.7,111.20649606496066
2023-11-04,2,wk inc hosp,2023-11-18,06,quantile,0.75,126.28647786477863
2023-11-04,2,wk inc hosp,2023-11-18,06,quantile,0.8,149.0114381143814
2023-11-04,2,wk inc hosp,2023-11-18,06,quantile,0.85,200.76223962239624
2023-11-04,2,wk inc hosp,2023-11-18,06,quantile,0.9,464.29063990640094
2023-11-04,2,wk inc hosp,2023-11-18,06,quantile,0.95,675.5905979059773
2023-11-04,2,wk inc hosp,2023-11-18,06,quantile,0.975,841.0737897378968
2023-11-04,2,wk inc hosp,2023-11-18,06,quantile,0.99,1037.6483097830967
2023-11-04,2,wk inc hosp,2023-11-18,08,quantile,0.01,0
2023-11-04,2,wk inc hosp,2023-11-18,08,quantile,0.025,0
2023-11-04,2,wk inc hosp,2023-11-18,08,quantile,0.05,0
2023-11-04,2,wk inc hosp,2023-11-18,08,quantile,0.1,0
2023-11-04,2,wk inc hosp,2023-11-18,08,quantile,0.15,0
2023-11-04,2,wk inc hosp,2023-11-18,08,quantile,0.2,0
2023-11-04,2,wk inc hosp,2023-11-18,08,quantile,0.25,1.4791222912229234
2023-11-04,2,wk inc hosp,2023-11-18,08,quantile,0.3,5.76012260122601
2023-11-04,2,wk inc hosp,2023-11-18,08,quantile,0.35,9.388333883338838
2023-11-04,2,wk inc hosp,2023-11-18,08,quantile,0.4,13.115715157151595
2023-11-04,2,wk inc hosp,2023-11-18,08,quantile,0.45,16.181927319273193
2023-11-04,2,wk inc hosp,2023-11-18,08,quantile,0.5,19
2023-11-04,2,wk inc hosp,2023-11-18,08,quantile,0.55,21.937428874288756
2023-11-04,2,wk inc hosp,2023-11-18,08,quantile,0.6,25.388333883338838
2023-11-04,2,wk inc hosp,2023-11-18,08,quantile,0.65,29.104303043030434
2023-11-04,2,wk inc hosp,2023-11-18,08,quantile,0.7,33.38833388333884
2023-11-04,2,wk inc hosp,2023-11-18,08,quantile,0.75,38.829193291932945
2023-11-04,2,wk inc hosp,2023-11-18,08,quantile,0.8,46.882836828368326
2023-11-04,2,wk inc hosp,2023-11-18,08,quantile,0.85,57.97825728257284
2023-11-04,2,wk inc hosp,2023-11-18,08,quantile,0.9,73.58661586615868
2023-11-04,2,wk inc hosp,2023-11-18,08,quantile,0.95,99.02641226412268
2023-11-04,2,wk inc hosp,2023-11-18,08,quantile,0.975,118.59834798347967
2023-11-04,2,wk inc hosp,2023-11-18,08,quantile,0.99,149.43700117001134
2023-11-04,2,wk inc hosp,2023-11-18,09,quantile,0.01,0
2023-11-04,2,wk inc hosp,2023-11-18,09,quantile,0.025,0
2023-11-04,2,wk inc hosp,2023-11-18,09,quantile,0.05,0
2023-11-04,2,wk inc hosp,2023-11-18,09,quantile,0.1,0
2023-11-04,2,wk inc hosp,2023-11-18,09,quantile,0.15,0
2023-11-04,2,wk inc hosp,2023-11-18,09,quantile,0.2,0
2023-11-04,2,wk inc hosp,2023-11-18,09,quantile,0.25,0
2023-11-04,2,wk inc hosp,2023-11-18,09,quantile,0.3,0
2023-11-04,2,wk inc hosp,2023-11-18,09,quantile,0.35,1.669184691846909
2023-11-04,2,wk inc hosp,2023-11-18,09,quantile,0.4,3.0544455444554437
2023-11-04,2,wk inc hosp,2023-11-18,09,quantile,0.45,5.054445544455444
2023-11-04,2,wk inc hosp,2023-11-18,09,quantile,0.5,7
2023-11-04,2,wk inc hosp,2023-11-18,09,quantile,0.55,8.207571575715768
2023-11-04,2,wk inc hosp,2023-11-18,09,quantile,0.6,10.054445544455444
2023-11-04,2,wk inc hosp,2023-11-18,09,quantile,0.65,12.138295382953821
2023-11-04,2,wk inc hosp,2023-11-18,09,quantile,0.7,15.054445544455444
2023-11-04,2,wk inc hosp,2023-11-18,09,quantile,0.75,18.054445544455444
2023-11-04,2,wk inc hosp,2023-11-18,09,quantile,0.8,22.83292332923332
2023-11-04,2,wk inc hosp,2023-11-18,09,quantile,0.85,30.349126991269927
2023-11-04,2,wk inc hosp,2023-11-18,09,quantile,0.9,45.23082130821311
2023-11-04,2,wk inc hosp,2023-11-18,09,quantile,0.95,82.86008410084102
2023-11-04,2,wk inc hosp,2023-11-18,09,quantile,0.975,112.01515040150416
2023-11-04,2,wk inc hosp,2023-11-18,09,quantile,0.99,172.691764017642
2023-11-04,2,wk inc hosp,2023-11-18,10,quantile,0.01,0
2023-11-04,2,wk inc hosp,2023-11-18,10,quantile,0.025,0
2023-11-04,2,wk inc hosp,2023-11-18,10,quantile,0.05,0
2023-11-04,2,wk inc hosp,2023-11-18,10,quantile,0.1,0
2023-11-04,2,wk inc hosp,2023-11-18,10,quantile,0.15,0
2023-11-04,2,wk inc hosp,2023-11-18,10,quantile,0.2,0
2023-11-04,2,wk inc hosp,2023-11-18,10,quantile,0.25,0
2023-11-04,2,wk inc hosp,2023-11-18,10,quantile,0.3,0
2023-11-04,2,wk inc hosp,2023-11-18,10,quantile,0.35,0
2023-11-04,2,wk inc hosp,2023-11-18,10,quantile,0.4,0
2023-11-04,2,wk inc hosp,2023-11-18,10,quantile,0.45,0.2568075680756845
2023-11-04,2,wk inc hosp,2023-11-18,10,quantile,0.5,1
2023-11-04,2,wk inc hosp,2023-11-18,10,quantile,0.55,1.2568075680756845
2023-11-04,2,wk inc hosp,2023-11-18,10,quantile,0.6,2.2568075680756845
2023-11-04,2,wk inc hosp,2023-11-18,10,quantile,0.65,3.2568075680756845
2023-11-04,2,wk inc hosp,2023-11-18,10,quantile,0.7,4.2568075680756845
2023-11-04,2,wk inc hosp,2023-11-18,10,quantile,0.75,5.2568075680756845
2023-11-04,2,wk inc hosp,2023-11-18,10,quantile,0.8,6.289381893818981
2023-11-04,2,wk inc hosp,2023-11-18,10,quantile,0.85,9.002863528635292
2023-11-04,2,wk inc hosp,2023-11-18,10,quantile,0.9,14.041639416394274
2023-11-04,2,wk inc hosp,2023-11-18,10,quantile,0.95,33.2287272872729
2023-11-04,2,wk inc hosp,2023-11-18,10,quantile,0.975,43.42544475444747
2023-11-04,2,wk inc hosp,2023-11-18,10,quantile,0.99,52.260476604766076
2023-11-04,2,wk inc hosp,2023-11-18,11,quantile,0.01,0
2023-11-04,2,wk inc hosp,2023-11-18,11,quantile,0.025,0
2023-11-04,2,wk inc hosp,2023-11-18,11,quantile,0.05,0
2023-11-04,2,wk inc hosp,2023-11-18,11,quantile,0.1,0
2023-11-04,2,wk inc hosp,2023-11-18,11,quantile,0.15,0
2023-11-04,2,wk inc hosp,2023-11-18,11,quantile,0.2,0
2023-11-04,2,wk inc hosp,2023-11-18,11,quantile,0.25,0
2023-11-04,2,wk inc hosp,2023-11-18,11,quantile,0.3,0
2023-11-04,2,wk inc hosp,2023-11-18,11,quantile,0.35,0
2023-11-04,2,wk inc hosp,2023-11-18,11,quantile,0.4,0
2023-11-04,2,wk inc hosp,2023-11-18,11,quantile,0.45,1
2023-11-04,2,wk inc hosp,2023-11-18,11,quantile,0.5,1
2023-11-04,2,wk inc hosp,2023-11-18,11,quantile,0.55,2
2023-11-04,2,wk inc hosp,2023-11-18,11,quantile,0.6,2
2023-11-04,2,wk inc hosp,2023-11-18,11,quantile,0.65,3
2023-11-04,2,wk inc hosp,2023-11-18,11,quantile,0.7,3
2023-11-04,2,wk inc hosp,2023-11-18,11,quantile,0.75,4
2023-11-04,2,wk inc hosp,2023-11-18,11,quantile,0.8,5
2023-11-04,2,wk inc hosp,2023-11-18,11,quantile,0.85,7.311964619646213
2023-11-04,2,wk inc hosp,2023-11-18,11,quantile,0.9,11
2023-11-04,2,wk inc hosp,2023-11-18,11,quantile,0.95,17.953965039650413
2023-11-04,2,wk inc hosp,2023-11-18,11,quantile,0.975,22.06171061710615
2023-11-04,2,wk inc hosp,2023-11-18,11,quantile,0.99,25.324990949909484
2023-11-04,2,wk inc hosp,2023-11-18,12,quantile,0.01,0
2023-11-04,2,wk inc hosp,2023-11-18,12,quantile,0.025,49.429155041550345
2023-11-04,2,wk inc hosp,2023-11-18,12,quantile,0.05,106.62129821298205
2023-11-04,2,wk inc hosp,2023-11-18,12,quantile,0.1,156.83812838128375
2023-11-04,2,wk inc hosp,2023-11-18,12,quantile,0.15,194.72221472214716
2023-11-04,2,wk inc hosp,2023-11-18,12,quantile,0.2,224.55360353603533
2023-11-04,2,wk inc hosp,2023-11-18,12,quantile,0.25,247.36629116291158
2023-11-04,2,wk inc hosp,2023-11-18,12,quantile,0.3,264.85847658476575
2023-11-04,2,wk inc hosp,2023-11-18,12,quantile,0.35,279.83812838128375
2023-11-04,2,wk inc hosp,2023-11-18,12,quantile,0.4,292.11592115921155
2023-11-04,2,wk inc hosp,2023-11-18,12,quantile,0.45,302.94388393883935
2023-11-04,2,wk inc hosp,2023-11-18,12,quantile,0.5,313
2023-11-04,2,wk inc hosp,2023-11-18,12,quantile,0.55,323.2364143641436
2023-11-04,2,wk inc hosp,2023-11-18,12,quantile,0.6,334.21367413674125
2023-11-04,2,wk inc hosp,2023-11-18,12,quantile,0.65,346.8183361833618
2023-11-04,2,wk inc hosp,2023-11-18,12,quantile,0.7,361.0357653576534
2023-11-04,2,wk inc hosp,2023-11-18,12,quantile,0.75,378.07634326343253
2023-11-04,2,wk inc hosp,2023-11-18,12,quantile,0.8,400.1651656516566
2023-11-04,2,wk inc hosp,2023-11-18,12,quantile,0.85,430.9015070150701
2023-11-04,2,wk inc hosp,2023-11-18,12,quantile,0.9,469.4802118021181
2023-11-04,2,wk inc hosp,2023-11-18,12,quantile,0.95,519.9235452354521
2023-11-04,2,wk inc hosp,2023-11-18,12,quantile,0.975,578.3380861308611
2023-11-04,2,wk inc hosp,2023-11-18,12,quantile,0.99,684.0775710757101
2023-11-04,2,wk inc hosp,2023-11-18,13,quantile,0.01,0
2023-11-04,2,wk inc hosp,2023-11-18,13,quantile,0.025,0
2023-11-04,2,wk inc hosp,2023-11-18,13,quantile,0.05,0
2023-11-04,2,wk inc hosp,2023-11-18,13,quantile,0.1,4.38837288372884
2023-11-04,2,wk inc hosp,2023-11-18,13,quantile,0.15,12
2023-11-04,2,wk inc hosp,2023-11-18,13,quantile,0.2,17.79744797447975
2023-11-04,2,wk inc hosp,2023-11-18,13,quantile,0.25,22.243222432224314
2023-11-04,2,wk inc hosp,2023-11-18,13,quantile,0.3,26.41766117661176
2023-11-04,2,wk inc hosp,2023-11-18,13,quantile,0.35,30
2023-11-04,2,wk inc hosp,2023-11-18,13,quantile,0.4,33.58229782297825
2023-11-04,2,wk inc hosp,2023-11-18,13,quantile,0.45,37
2023-11-04,2,wk inc hosp,2023-11-18,13,quantile,0.5,40
2023-11-04,2,wk inc hosp,2023-11-18,13,quantile,0.55,43.06611166111662
2023-11-04,2,wk inc hosp,2023-11-18,13,quantile,0.6,46.58689986899867
2023-11-04,2,wk inc hosp,2023-11-18,13,quantile,0.65,50
2023-11-04,2,wk inc hosp,2023-11-18,13,quantile,0.7,53.76668266682667
2023-11-04,2,wk inc hosp,2023-11-18,13,quantile,0.75,57.89978149781497
2023-11-04,2,wk inc hosp,2023-11-18,13,quantile,0.8,62.545915459154614
2023-11-04,2,wk inc hosp,2023-11-18,13,quantile,0.85,68.46568365683655
2023-11-04,2,wk inc hosp,2023-11-18,13,quantile,0.9,77
2023-11-04,2,wk inc hosp,2023-11-18,13,quantile,0.95,94.13051830518299
2023-11-04,2,wk inc hosp,2023-11-18,13,quantile,0.975,112.28587710877105
2023-11-04,2,wk inc hosp,2023-11-18,13,quantile,0.99,131.0384559845595
2023-11-04,2,wk inc hosp,2023-11-18,15,quantile,0.01,0
2023-11-04,2,wk inc hosp,2023-11-18,15,quantile,0.025,0
2023-11-04,2,wk inc hosp,2023-11-18,15,quantile,0.05,2.663352633526337
2023-11-04,2,wk inc hosp,2023-11-18,15,quantile,0.1,6
2023-11-04,2,wk inc hosp,2023-11-18,15,quantile,0.15,7.8042935429354285
2023-11-04,2,wk inc hosp,2023-11-18,15,quantile,0.2,9
2023-11-04,2,wk inc hosp,2023-11-18,15,quantile,0.25,10
2023-11-04,2,wk inc hosp,2023-11-18,15,quantile,0.3,10.474990749907503
2023-11-04,2,wk inc hosp,2023-11-18,15,quantile,0.35,11
2023-11-04,2,wk inc hosp,2023-11-18,15,quantile,0.4,12
2023-11-04,2,wk inc hosp,2023-11-18,15,quantile,0.45,12
2023-11-04,2,wk inc hosp,2023-11-18,15,quantile,0.5,13
2023-11-04,2,wk inc hosp,2023-11-18,15,quantile,0.55,14
2023-11-04,2,wk inc hosp,2023-11-18,15,quantile,0.6,14
2023-11-04,2,wk inc hosp,2023-11-18,15,quantile,0.65,15
2023-11-04,2,wk inc hosp,2023-11-18,15,quantile,0.7,15.622655226552261
2023-11-04,2,wk inc hosp,2023-11-18,15,quantile,0.75,16
2023-11-04,2,wk inc hosp,2023-11-18,15,quantile,0.8,17
2023-11-04,2,wk inc hosp,2023-11-18,15,quantile,0.85,18.180541305413044
2023-11-04,2,wk inc hosp,2023-11-18,15,quantile,0.9,20
2023-11-04,2,wk inc hosp,2023-11-18,15,quantile,0.95,23.63769637696373
2023-11-04,2,wk inc hosp,2023-11-18,15,quantile,0.975,27.588942139421437
2023-11-04,2,wk inc hosp,2023-11-18,15,quantile,0.99,32.3373017730176
2023-11-04,2,wk inc hosp,2023-11-18,16,quantile,0.01,0
2023-11-04,2,wk inc hosp,2023-11-18,16,quantile,0.025,0
2023-11-04,2,wk inc hosp,2023-11-18,16,quantile,0.05,0
2023-11-04,2,wk inc hosp,2023-11-18,16,quantile,0.1,0
2023-11-04,2,wk inc hosp,2023-11-18,16,quantile,0.15,0
2023-11-04,2,wk inc hosp,2023-11-18,16,quantile,0.2,0
2023-11-04,2,wk inc hosp,2023-11-18,16,quantile,0.25,0
2023-11-04,2,wk inc hosp,2023-11-18,16,quantile,0.3,1
2023-11-04,2,wk inc hosp,2023-11-18,16,quantile,0.35,2
2023-11-04,2,wk inc hosp,2023-11-18,16,quantile,0.4,2.761287612876144
2023-11-04,2,wk inc hosp,2023-11-18,16,quantile,0.45,3.172955229552305
2023-11-04,2,wk inc hosp,2023-11-18,16,quantile,0.5,4
2023-11-04,2,wk inc hosp,2023-11-18,16,quantile,0.55,5
2023-11-04,2,wk inc hosp,2023-11-18,16,quantile,0.6,6
2023-11-04,2,wk inc hosp,2023-11-18,16,quantile,0.65,7
2023-11-04,2,wk inc hosp,2023-11-18,16,quantile,0.7,8.288577885778858
2023-11-04,2,wk inc hosp,2023-11-18,16,quantile,0.75,10
2023-11-04,2,wk inc hosp,2023-11-18,16,quantile,0.8,12.644244442444439
2023-11-04,2,wk inc hosp,2023-11-18,16,quantile,0.85,16.884429844298428
2023-11-04,2,wk inc hosp,2023-11-18,16,quantile,0.9,28.429315293153067
2023-11-04,2,wk inc hosp,2023-11-18,16,quantile,0.95,77.26034660346603
2023-11-04,2,wk inc hosp,2023-11-18,16,quantile,0.975,95.10024125241227
2023-11-04,2,wk inc hosp,2023-11-18,16,quantile,0.99,109.3238304383044
2023-11-04,2,wk inc hosp,2023-11-18,17,quantile,0.01,0
2023-11-04,2,wk inc hosp,2023-11-18,17,quantile,0.025,0
2023-11-04,2,wk inc hosp,2023-11-18,17,quantile,0.05,0
2023-11-04,2,wk inc hosp,2023-11-18,17,quantile,0.1,0
2023-11-04,2,wk inc hosp,2023-11-18,17,quantile,0.15,0
2023-11-04,2,wk inc hosp,2023-11-18,17,quantile,0.2,0
2023-11-04,2,wk inc hosp,2023-11-18,17,quantile,0.25,1.227627276272763
2023-11-04,2,wk inc hosp,2023-11-18,17,quantile,0.3,6.227627276272763
2023-11-04,2,wk inc hosp,2023-11-18,17,quantile,0.35,10.227627276272763
2023-11-04,2,wk inc hosp,2023-11-18,17,quantile,0.4,14.227627276272763
2023-11-04,2,wk inc hosp,2023-11-18,17,quantile,0.45,17.234941849418494
2023-11-04,2,wk inc hosp,2023-11-18,17,quantile,0.5,21
2023-11-04,2,wk inc hosp,2023-11-18,17,quantile,0.55,24.227627276272763
2023-11-04,2,wk inc hosp,2023-11-18,17,quantile,0.6,28.008885088850896
2023-11-04,2,wk inc hosp,2023-11-18,17,quantile,0.65,32.22762727627276
2023-11-04,2,wk inc hosp,2023-11-18,17,quantile,0.7,37.22762727627276
2023-11-04,2,wk inc hosp,2023-11-18,17,quantile,0.75,44.283790337903405
2023-11-04,2,wk inc hosp,2023-11-18,17,quantile,0.8,56.22762727627276
2023-11-04,2,wk inc hosp,2023-11-18,17,quantile,0.85,82.15771357713565
2023-11-04,2,wk inc hosp,2023-11-18,17,quantile,0.9,142.29937699377
2023-11-04,2,wk inc hosp,2023-11-18,17,quantile,0.95,236.66050210502095
2023-11-04,2,wk inc hosp,2023-11-18,17,quantile,0.975,295.87732702326963
2023-11-04,2,wk inc hosp,2023-11-18,17,quantile,0.99,390.17023970239853
2023-11-04,2,wk inc hosp,2023-11-18,18,quantile,0.01,0
2023-11-04,2,wk inc hosp,2023-11-18,18,quantile,0.025,0
2023-11-04,2,wk inc hosp,2023-11-18,18,quantile,0.05,0
2023-11-04,2,wk inc hosp,2023-11-18,18,quantile,0.1,0
2023-11-04,2,wk inc hosp,2023-11-18,18,quantile,0.15,0
2023-11-04,2,wk inc hosp,2023-11-18,18,quantile,0.2,6.724176241762404
2023-11-04,2,wk inc hosp,2023-11-18,18,quantile,0.25,13.158061580615803
2023-11-04,2,wk inc hosp,2023-11-18,18,quantile,0.3,18.21453514535143
2023-11-04,2,wk inc hosp,2023-11-18,18,quantile,0.35,22.577238272382694
2023-11-04,2,wk inc hosp,2023-11-18,18,quantile,0.4,26.180566805668054
2023-11-04,2,wk inc hosp,2023-11-18,18,quantile,0.45,29.89459394593944
2023-11-04,2,wk inc hosp,2023-11-18,18,quantile,0.5,33
2023-11-04,2,wk inc hosp,2023-11-18,18,quantile,0.55,36.747417474174725
2023-11-04,2,wk inc hosp,2023-11-18,18,quantile,0.6,39.89459394593944
2023-11-04,2,wk inc hosp,2023-11-18,18,quantile,0.65,43.89459394593944
2023-11-04,2,wk inc hosp,2023-11-18,18,quantile,0.7,48.76319663196631
2023-11-04,2,wk inc hosp,2023-11-18,18,quantile,0.75,54.51815268152681
2023-11-04,2,wk inc hosp,2023-11-18,18,quantile,0.8,62.97053470534708
2023-11-04,2,wk inc hosp,2023-11-18,18,quantile,0.85,77.48953939539386
2023-11-04,2,wk inc hosp,2023-11-18,18,quantile,0.9,101.42115421154219
2023-11-04,2,wk inc hosp,2023-11-18,18,quantile,0.95,208.68196581965847
2023-11-04,2,wk inc hosp,2023-11-18,18,quantile,0.975,247.79557645576466
2023-11-04,2,wk inc hosp,2023-11-18,18,quantile,0.99,322.42024790247945
2023-11-04,2,wk inc hosp,2023-11-18,19,quantile,0.01,0
2023-11-04,2,wk inc hosp,2023-11-18,19,quantile,0.025,0
2023-11-04,2,wk inc hosp,2023-11-18,19,quantile,0.05,0
2023-11-04,2,wk inc hosp,2023-11-18,19,quantile,0.1,0
2023-11-04,2,wk inc hosp,2023-11-18,19,quantile,0.15,0
2023-11-04,2,wk inc hosp,2023-11-18,19,quantile,0.2,0
2023-11-04,2,wk inc hosp,2023-11-18,19,quantile,0.25,0
2023-11-04,2,wk inc hosp,2023-11-18,19,quantile,0.3,0
2023-11-04,2,wk inc hosp,2023-11-18,19,quantile,0.35,0.8790887908879128
2023-11-04,2,wk inc hosp,2023-11-18,19,quantile,0.4,1.8790887908879128
2023-11-04,2,wk inc hosp,2023-11-18,19,quantile,0.45,2.879088790887913
2023-11-04,2,wk inc hosp,2023-11-18,19,quantile,0.5,4
2023-11-04,2,wk inc hosp,2023-11-18,19,quantile,0.55,5.401168511685091
2023-11-04,2,wk inc hosp,2023-11-18,19,quantile,0.6,6.879088790887913
2023-11-04,2,wk inc hosp,2023-11-18,19,quantile,0.65,7.879088790887913
2023-11-04,2,wk inc hosp,2023-11-18,19,quantile,0.7,8.879088790887913
2023-11-04,2,wk inc hosp,2023-11-18,19,quantile,0.75,10.879088790887913
2023-11-04,2,wk inc hosp,2023-11-18,19,quantile,0.8,13.768501685016904
2023-11-04,2,wk inc hosp,2023-11-18,19,quantile,0.85,18.395549455494535
2023-11-04,2,wk inc hosp,2023-11-18,19,quantile,0.9,33.235783357833625
2023-11-04,2,wk inc hosp,2023-11-18,19,quantile,0.95,88.95957059570651
2023-11-04,2,wk inc hosp,2023-11-18,19,quantile,0.975,108.83927439274379
2023-11-04,2,wk inc hosp,2023-11-18,19,quantile,0.99,119.99408084080838
2023-11-04,2,wk inc hosp,2023-11-18,20,quantile,0.01,0
2023-11-04,2,wk inc hosp,2023-11-18,20,quantile,0.025,0
2023-11-04,2,wk inc hosp,2023-11-18,20,quantile,0.05,0
2023-11-04,2,wk inc hosp,2023-11-18,20,quantile,0.1,0
2023-11-04,2,wk inc hosp,2023-11-18,20,quantile,0.15,0
2023-11-04,2,wk inc hosp,2023-11-18,20,quantile,0.2,0
2023-11-04,2,wk inc hosp,2023-11-18,20,quantile,0.25,0
2023-11-04,2,wk inc hosp,2023-11-18,20,quantile,0.3,0
2023-11-04,2,wk inc hosp,2023-11-18,20,quantile,0.35,0
2023-11-04,2,wk inc hosp,2023-11-18,20,quantile,0.4,2
2023-11-04,2,wk inc hosp,2023-11-18,20,quantile,0.45,3
2023-11-04,2,wk inc hosp,2023-11-18,20,quantile,0.5,5
2023-11-04,2,wk inc hosp,2023-11-18,20,quantile,0.55,6
2023-11-04,2,wk inc hosp,2023-11-18,20,quantile,0.6,8
2023-11-04,2,wk inc hosp,2023-11-18,20,quantile,0.65,10
2023-11-04,2,wk inc hosp,2023-11-18,20,quantile,0.7,12
2023-11-04,2,wk inc hosp,2023-11-18,20,quantile,0.75,15
2023-11-04,2,wk inc hosp,2023-11-18,20,quantile,0.8,18
2023-11-04,2,wk inc hosp,2023-11-18,20,quantile,0.85,22
2023-11-04,2,wk inc hosp,2023-11-18,20,quantile,0.9,31.154278542785438
2023-11-04,2,wk inc hosp,2023-11-18,20,quantile,0.95,59.88185181851793
2023-11-04,2,wk inc hosp,2023-11-18,20,quantile,0.975,84.25847908479044
2023-11-04,2,wk inc hosp,2023-11-18,20,quantile,0.99,118.09335793357812
2023-11-04,2,wk inc hosp,2023-11-18,21,quantile,0.01,0
2023-11-04,2,wk inc hosp,2023-11-18,21,quantile,0.025,0
2023-11-04,2,wk inc hosp,2023-11-18,21,quantile,0.05,0
2023-11-04,2,wk inc hosp,2023-11-18,21,quantile,0.1,0
2023-11-04,2,wk inc hosp,2023-11-18,21,quantile,0.15,0
2023-11-04,2,wk inc hosp,2023-11-18,21,quantile,0.2,2.4353663536635666
2023-11-04,2,wk inc hosp,2023-11-18,21,quantile,0.25,7.699579495794955
2023-11-04,2,wk inc hosp,2023-11-18,21,quantile,0.3,11.633506335063348
2023-11-04,2,wk inc hosp,2023-11-18,21,quantile,0.35,15
2023-11-04,2,wk inc hosp,2023-11-18,21,quantile,0.4,18
2023-11-04,2,wk inc hosp,2023-11-18,21,quantile,0.45,20.80541755417555
2023-11-04,2,wk inc hosp,2023-11-18,21,quantile,0.5,23
2023-11-04,2,wk inc hosp,2023-11-18,21,quantile,0.55,26
2023-11-04,2,wk inc hosp,2023-11-18,21,quantile,0.6,29
2023-11-04,2,wk inc hosp,2023-11-18,21,quantile,0.65,32
2023-11-04,2,wk inc hosp,2023-11-18,21,quantile,0.7,35.84355443554432
2023-11-04,2,wk inc hosp,2023-11-18,21,quantile,0.75,40.64472144721448
2023-11-04,2,wk inc hosp,2023-11-18,21,quantile,0.8,48.592333923339396
2023-11-04,2,wk inc hosp,2023-11-18,21,quantile,0.85,66.70141451414517
2023-11-04,2,wk inc hosp,2023-11-18,21,quantile,0.9,99.81532015320111
2023-11-04,2,wk inc hosp,2023-11-18,21,quantile,0.95,177.8196961969618
2023-11-04,2,wk inc hosp,2023-11-18,21,quantile,0.975,268.42881228812297
2023-11-04,2,wk inc hosp,2023-11-18,21,quantile,0.99,322.8184276842765
2023-11-04,2,wk inc hosp,2023-11-18,22,quantile,0.01,0
2023-11-04,2,wk inc hosp,2023-11-18,22,quantile,0.025,0
2023-11-04,2,wk inc hosp,2023-11-18,22,quantile,0.05,0
2023-11-04,2,wk inc hosp,2023-11-18,22,quantile,0.1,12.96257062570626
2023-11-04,2,wk inc hosp,2023-11-18,22,quantile,0.15,22.033833838338385
2023-11-04,2,wk inc hosp,2023-11-18,22,quantile,0.2,28
2023-11-04,2,wk inc hosp,2023-11-18,22,quantile,0.25,32.03227532275323
2023-11-04,2,wk inc hosp,2023-11-18,22,quantile,0.3,35.62114621146212
2023-11-04,2,wk inc hosp,2023-11-18,22,quantile,0.35,38.47143071430713
2023-11-04,2,wk inc hosp,2023-11-18,22,quantile,0.4,41
2023-11-04,2,wk inc hosp,2023-11-18,22,quantile,0.45,43.792141921419216
2023-11-04,2,wk inc hosp,2023-11-18,22,quantile,0.5,46
2023-11-04,2,wk inc hosp,2023-11-18,22,quantile,0.55,48.36526465264653
2023-11-04,2,wk inc hosp,2023-11-18,22,quantile,0.6,51
2023-11-04,2,wk inc hosp,2023-11-18,22,quantile,0.65,53.64842898428985
2023-11-04,2,wk inc hosp,2023-11-18,22,quantile,0.7,56.61620316203162
2023-11-04,2,wk inc hosp,2023-11-18,22,quantile,0.75,60
2023-11-04,2,wk inc hosp,2023-11-18,22,quantile,0.8,64
2023-11-04,2,wk inc hosp,2023-11-18,22,quantile,0.85,70
2023-11-04,2,wk inc hosp,2023-11-18,22,quantile,0.9,80.07999479994808
2023-11-04,2,wk inc hosp,2023-11-18,22,quantile,0.95,107.71599765997655
2023-11-04,2,wk inc hosp,2023-11-18,22,quantile,0.975,132.34958299582996
2023-11-04,2,wk inc hosp,2023-11-18,22,quantile,0.99,157.4369131691317
2023-11-04,2,wk inc hosp,2023-11-18,23,quantile,0.01,0
2023-11-04,2,wk inc hosp,2023-11-18,23,quantile,0.025,0
2023-11-04,2,wk inc hosp,2023-11-18,23,quantile,0.05,0
2023-11-04,2,wk inc hosp,2023-11-18,23,quantile,0.1,0
2023-11-04,2,wk inc hosp,2023-11-18,23,quantile,0.15,0
2023-11-04,2,wk inc hosp,2023-11-18,23,quantile,0.2,0
2023-11-04,2,wk inc hosp,2023-11-18,23,quantile,0.25,0
2023-11-04,2,wk inc hosp,2023-11-18,23,quantile,0.3,1
2023-11-04,2,wk inc hosp,2023-11-18,23,quantile,0.35,2
2023-11-04,2,wk inc hosp,2023-11-18,23,quantile,0.4,2.6822728227282315
2023-11-04,2,wk inc hosp,2023-11-18,23,quantile,0.45,3
2023-11-04,2,wk inc hosp,2023-11-18,23,quantile,0.5,4
2023-11-04,2,wk inc hosp,2023-11-18,23,quantile,0.55,5
2023-11-04,2,wk inc hosp,2023-11-18,23,quantile,0.6,6
2023-11-04,2,wk inc hosp,2023-11-18,23,quantile,0.65,7
2023-11-04,2,wk inc hosp,2023-11-18,23,quantile,0.7,8
2023-11-04,2,wk inc hosp,2023-11-18,23,quantile,0.75,10
2023-11-04,2,wk inc hosp,2023-11-18,23,quantile,0.8,13
2023-11-04,2,wk inc hosp,2023-11-18,23,quantile,0.85,20.365809158091544
2023-11-04,2,wk inc hosp,2023-11-18,23,quantile,0.9,28
2023-11-04,2,wk inc hosp,2023-11-18,23,quantile,0.95,52.57785727857345
2023-11-04,2,wk inc hosp,2023-11-18,23,quantile,0.975,70.14123841238411
2023-11-04,2,wk inc hosp,2023-11-18,23,quantile,0.99,75.53054260542594
2023-11-04,2,wk inc hosp,2023-11-18,24,quantile,0.01,0
2023-11-04,2,wk inc hosp,2023-11-18,24,quantile,0.025,0
2023-11-04,2,wk inc hosp,2023-11-18,24,quantile,0.05,0
2023-11-04,2,wk inc hosp,2023-11-18,24,quantile,0.1,0
2023-11-04,2,wk inc hosp,2023-11-18,24,quantile,0.15,0
2023-11-04,2,wk inc hosp,2023-11-18,24,quantile,0.2,0
2023-11-04,2,wk inc hosp,2023-11-18,24,quantile,0.25,0
2023-11-04,2,wk inc hosp,2023-11-18,24,quantile,0.3,0.6993949939499371
2023-11-04,2,wk inc hosp,2023-11-18,24,quantile,0.35,3
2023-11-04,2,wk inc hosp,2023-11-18,24,quantile,0.4,5.32128321283213
2023-11-04,2,wk inc hosp,2023-11-18,24,quantile,0.45,7.798487984879845
2023-11-04,2,wk inc hosp,2023-11-18,24,quantile,0.5,10
2023-11-04,2,wk inc hosp,2023-11-18,24,quantile,0.55,12
2023-11-04,2,wk inc hosp,2023-11-18,24,quantile,0.6,14
2023-11-04,2,wk inc hosp,2023-11-18,24,quantile,0.65,16.952892028920328
2023-11-04,2,wk inc hosp,2023-11-18,24,quantile,0.7,19.789713897138967
2023-11-04,2,wk inc hosp,2023-11-18,24,quantile,0.75,23.454712047120474
2023-11-04,2,wk inc hosp,2023-11-18,24,quantile,0.8,28.90360103601038
2023-11-04,2,wk inc hosp,2023-11-18,24,quantile,0.85,38
2023-11-04,2,wk inc hosp,2023-11-18,24,quantile,0.9,60.22734427344271
2023-11-04,2,wk inc hosp,2023-11-18,24,quantile,0.95,81.2844358443582
2023-11-04,2,wk inc hosp,2023-11-18,24,quantile,0.975,101
2023-11-04,2,wk inc hosp,2023-11-18,24,quantile,0.99,117.16451104511044
2023-11-04,2,wk inc hosp,2023-11-18,25,quantile,0.01,0
2023-11-04,2,wk inc hosp,2023-11-18,25,quantile,0.025,0
2023-11-04,2,wk inc hosp,2023-11-18,25,quantile,0.05,0
2023-11-04,2,wk inc hosp,2023-11-18,25,quantile,0.1,0
2023-11-04,2,wk inc hosp,2023-11-18,25,quantile,0.15,0
2023-11-04,2,wk inc hosp,2023-11-18,25,quantile,0.2,3.819158191581913
2023-11-04,2,wk inc hosp,2023-11-18,25,quantile,0.25,10.315458154581542
2023-11-04,2,wk inc hosp,2023-11-18,25,quantile,0.3,15.137809378093777
2023-11-04,2,wk inc hosp,2023-11-18,25,quantile,0.35,19.030943809438057
2023-11-04,2,wk inc hosp,2023-11-18,25,quantile,0.4,22.710917109171092
2023-11-04,2,wk inc hosp,2023-11-18,25,quantile,0.45,25.616107661076626
2023-11-04,2,wk inc hosp,2023-11-18,25,quantile,0.5,28
2023-11-04,2,wk inc hosp,2023-11-18,25,quantile,0.55,30.819158191581913
2023-11-04,2,wk inc hosp,2023-11-18,25,quantile,0.6,33.81915819158191
2023-11-04,2,wk inc hosp,2023-11-18,25,quantile,0.65,37.52639626396264
2023-11-04,2,wk inc hosp,2023-11-18,25,quantile,0.7,41.81915819158191
2023-11-04,2,wk inc hosp,2023-11-18,25,quantile,0.75,47.81915819158191
2023-11-04,2,wk inc hosp,2023-11-18,25,quantile,0.8,57.272366723667126
2023-11-04,2,wk inc hosp,2023-11-18,25,quantile,0.85,75.55423154231538
2023-11-04,2,wk inc hosp,2023-11-18,25,quantile,0.9,110.4275292752931
2023-11-04,2,wk inc hosp,2023-11-18,25,quantile,0.95,179.61295162951603
2023-11-04,2,wk inc hosp,2023-11-18,25,quantile,0.975,255.43807113071148
2023-11-04,2,wk inc hosp,2023-11-18,25,quantile,0.99,286.87405474054736
2023-11-04,2,wk inc hosp,2023-11-18,26,quantile,0.01,0
2023-11-04,2,wk inc hosp,2023-11-18,26,quantile,0.025,0
2023-11-04,2,wk inc hosp,2023-11-18,26,quantile,0.05,0
2023-11-04,2,wk inc hosp,2023-11-18,26,quantile,0.1,0
2023-11-04,2,wk inc hosp,2023-11-18,26,quantile,0.15,0
2023-11-04,2,wk inc hosp,2023-11-18,26,quantile,0.2,0
2023-11-04,2,wk inc hosp,2023-11-18,26,quantile,0.25,0
2023-11-04,2,wk inc hosp,2023-11-18,26,quantile,0.3,0
2023-11-04,2,wk inc hosp,2023-11-18,26,quantile,0.35,2.8376983769837665
2023-11-04,2,wk inc hosp,2023-11-18,26,quantile,0.4,5.8376983769837665
2023-11-04,2,wk inc hosp,2023-11-18,26,quantile,0.45,8.837698376983766
2023-11-04,2,wk inc hosp,2023-11-18,26,quantile,0.5,12
2023-11-04,2,wk inc hosp,2023-11-18,26,quantile,0.55,15.810508605086056
2023-11-04,2,wk inc hosp,2023-11-18,26,quantile,0.6,19.248830488304854
2023-11-04,2,wk inc hosp,2023-11-18,26,quantile,0.65,23.814936649366512
2023-11-04,2,wk inc hosp,2023-11-18,26,quantile,0.7,29.52754927549274
2023-11-04,2,wk inc hosp,2023-11-18,26,quantile,0.75,37.025137751377514
2023-11-04,2,wk inc hosp,2023-11-18,26,quantile,0.8,46.51252712527132
2023-11-04,2,wk inc hosp,2023-11-18,26,quantile,0.85,64.3677496774967
2023-11-04,2,wk inc hosp,2023-11-18,26,quantile,0.9,128.5192161921624
2023-11-04,2,wk inc hosp,2023-11-18,26,quantile,0.95,218.74574945749436
2023-11-04,2,wk inc hosp,2023-11-18,26,quantile,0.975,343.1897451474504
2023-11-04,2,wk inc hosp,2023-11-18,26,quantile,0.99,418.8565819658189
2023-11-04,2,wk inc hosp,2023-11-18,27,quantile,0.01,0
2023-11-04,2,wk inc hosp,2023-11-18,27,quantile,0.025,0
2023-11-04,2,wk inc hosp,2023-11-18,27,quantile,0.05,0
2023-11-04,2,wk inc hosp,2023-11-18,27,quantile,0.1,0
2023-11-04,2,wk inc hosp,2023-11-18,27,quantile,0.15,0
2023-11-04,2,wk inc hosp,2023-11-18,27,quantile,0.2,0
2023-11-04,2,wk inc hosp,2023-11-18,27,quantile,0.25,0
2023-11-04,2,wk inc hosp,2023-11-18,27,quantile,0.3,0
2023-11-04,2,wk inc hosp,2023-11-18,27,quantile,0.35,0
2023-11-04,2,wk inc hosp,2023-11-18,27,quantile,0.4,1
2023-11-04,2,wk inc hosp,2023-11-18,27,quantile,0.45,2.865858158581585
2023-11-04,2,wk inc hosp,2023-11-18,27,quantile,0.5,4
2023-11-04,2,wk inc hosp,2023-11-18,27,quantile,0.55,6
2023-11-04,2,wk inc hosp,2023-11-18,27,quantile,0.6,8
2023-11-04,2,wk inc hosp,2023-11-18,27,quantile,0.65,10.014624646246467
2023-11-04,2,wk inc hosp,2023-11-18,27,quantile,0.7,13
2023-11-04,2,wk inc hosp,2023-11-18,27,quantile,0.75,17.030927809278104
2023-11-04,2,wk inc hosp,2023-11-18,27,quantile,0.8,23.845258452584552
2023-11-04,2,wk inc hosp,2023-11-18,27,quantile,0.85,35.94383943839436
2023-11-04,2,wk inc hosp,2023-11-18,27,quantile,0.9,61.99497994979938
2023-11-04,2,wk inc hosp,2023-11-18,27,quantile,0.95,94.94492844928412
2023-11-04,2,wk inc hosp,2023-11-18,27,quantile,0.975,107.75337678376775
2023-11-04,2,wk inc hosp,2023-11-18,27,quantile,0.99,131.65857998579995
2023-11-04,2,wk inc hosp,2023-11-18,28,quantile,0.01,0
2023-11-04,2,wk inc hosp,2023-11-18,28,quantile,0.025,0
2023-11-04,2,wk inc hosp,2023-11-18,28,quantile,0.05,0
2023-11-04,2,wk inc hosp,2023-11-18,28,quantile,0.1,0
2023-11-04,2,wk inc hosp,2023-11-18,28,quantile,0.15,0
2023-11-04,2,wk inc hosp,2023-11-18,28,quantile,0.2,0.4787337873378641
2023-11-04,2,wk inc hosp,2023-11-18,28,quantile,0.25,4.170826708267068
2023-11-04,2,wk inc hosp,2023-11-18,28,quantile,0.3,7.623512235122334
2023-11-04,2,wk inc hosp,2023-11-18,28,quantile,0.35,10.558604086040846
2023-11-04,2,wk inc hosp,2023-11-18,28,quantile,0.4,12.948554485544843
2023-11-04,2,wk inc hosp,2023-11-18,28,quantile,0.45,15.948554485544843
2023-11-04,2,wk inc hosp,2023-11-18,28,quantile,0.5,18
2023-11-04,2,wk inc hosp,2023-11-18,28,quantile,0.55,20.948554485544843
2023-11-04,2,wk inc hosp,2023-11-18,28,quantile,0.6,23.60626106261059
2023-11-04,2,wk inc hosp,2023-11-18,28,quantile,0.65,26.12798527985279
2023-11-04,2,wk inc hosp,2023-11-18,28,quantile,0.7,29.28390383903836
2023-11-04,2,wk inc hosp,2023-11-18,28,quantile,0.75,32.94855448554485
2023-11-04,2,wk inc hosp,2023-11-18,28,quantile,0.8,37.01112911129093
2023-11-04,2,wk inc hosp,2023-11-18,28,quantile,0.85,42.94855448554485
2023-11-04,2,wk inc hosp,2023-11-18,28,quantile,0.9,51.21455114551145
2023-11-04,2,wk inc hosp,2023-11-18,28,quantile,0.95,69.880848308483
2023-11-04,2,wk inc hosp,2023-11-18,28,quantile,0.975,92.33226707267073
2023-11-04,2,wk inc hosp,2023-11-18,28,quantile,0.99,117.38459424594296
2023-11-04,2,wk inc hosp,2023-11-18,29,quantile,0.01,0
2023-11-04,2,wk inc hosp,2023-11-18,29,quantile,0.025,0
2023-11-04,2,wk inc hosp,2023-11-18,29,quantile,0.05,0
2023-11-04,2,wk inc hosp,2023-11-18,29,quantile,0.1,0
2023-11-04,2,wk inc hosp,2023-11-18,29,quantile,0.15,0
2023-11-04,2,wk inc hosp,2023-11-18,29,quantile,0.2,0
2023-11-04,2,wk inc hosp,2023-11-18,29,quantile,0.25,0.2655226552265475
2023-11-04,2,wk inc hosp,2023-11-18,29,quantile,0.3,4.2655226552265475
2023-11-04,2,wk inc hosp,2023-11-18,29,quantile,0.35,7.766058660586591
2023-11-04,2,wk inc hosp,2023-11-18,29,quantile,0.4,11.103509035090354
2023-11-04,2,wk inc hosp,2023-11-18,29,quantile,0.45,14.170219702197029
2023-11-04,2,wk inc hosp,2023-11-18,29,quantile,0.5,17
2023-11-04,2,wk inc hosp,2023-11-18,29,quantile,0.55,20.12476224762248
2023-11-04,2,wk inc hosp,2023-11-18,29,quantile,0.6,23.265522655226547
2023-11-04,2,wk inc hosp,2023-11-18,29,quantile,0.65,26.73421834218341
2023-11-04,2,wk inc hosp,2023-11-18,29,quantile,0.7,31.008606086060833
2023-11-04,2,wk inc hosp,2023-11-18,29,quantile,0.75,36.26552265522655
2023-11-04,2,wk inc hosp,2023-11-18,29,quantile,0.8,44.17969979699797
2023-11-04,2,wk inc hosp,2023-11-18,29,quantile,0.85,58.25626206262058
2023-11-04,2,wk inc hosp,2023-11-18,29,quantile,0.9,93.44326643266466
2023-11-04,2,wk inc hosp,2023-11-18,29,quantile,0.95,218.1542600426001
2023-11-04,2,wk inc hosp,2023-11-18,29,quantile,0.975,280.36981044810506
2023-11-04,2,wk inc hosp,2023-11-18,29,quantile,0.99,347.07326033260114
2023-11-04,2,wk inc hosp,2023-11-18,30,quantile,0.01,0
2023-11-04,2,wk inc hosp,2023-11-18,30,quantile,0.025,0
2023-11-04,2,wk inc hosp,2023-11-18,30,quantile,0.05,0
2023-11-04,2,wk inc hosp,2023-11-18,30,quantile,0.1,0
2023-11-04,2,wk inc hosp,2023-11-18,30,quantile,0.15,0
2023-11-04,2,wk inc hosp,2023-11-18,30,quantile,0.2,0
2023-11-04,2,wk inc hosp,2023-11-18,30,quantile,0.25,0
2023-11-04,2,wk inc hosp,2023-11-18,30,quantile,0.3,0
2023-11-04,2,wk inc hosp,2023-11-18,30,quantile,0.35,0
2023-11-04,2,wk inc hosp,2023-11-18,30,quantile,0.4,0
2023-11-04,2,wk inc hosp,2023-11-18,30,quantile,0.45,0
2023-11-04,2,wk inc hosp,2023-11-18,30,quantile,0.5,0
2023-11-04,2,wk inc hosp,2023-11-18,30,quantile,0.55,1
2023-11-04,2,wk inc hosp,2023-11-18,30,quantile,0.6,2
2023-11-04,2,wk inc hosp,2023-11-18,30,quantile,0.65,3
2023-11-04,2,wk inc hosp,2023-11-18,30,quantile,0.7,4
2023-11-04,2,wk inc hosp,2023-11-18,30,quantile,0.75,6
2023-11-04,2,wk inc hosp,2023-11-18,30,quantile,0.8,8.248124481244822
2023-11-04,2,wk inc hosp,2023-11-18,30,quantile,0.85,13.22113071130713
2023-11-04,2,wk inc hosp,2023-11-18,30,quantile,0.9,20.741996419964217
2023-11-04,2,wk inc hosp,2023-11-18,30,quantile,0.95,30.64452794527929
2023-11-04,2,wk inc hosp,2023-11-18,30,quantile,0.975,35.59589370893706
2023-11-04,2,wk inc hosp,2023-11-18,30,quantile,0.99,41.82991369913704
2023-11-04,2,wk inc hosp,2023-11-18,31,quantile,0.01,0
2023-11-04,2,wk inc hosp,2023-11-18,31,quantile,0.025,0
2023-11-04,2,wk inc hosp,2023-11-18,31,quantile,0.05,0
2023-11-04,2,wk inc hosp,2023-11-18,31,quantile,0.1,0
2023-11-04,2,wk inc hosp,2023-11-18,31,quantile,0.15,0
2023-11-04,2,wk inc hosp,2023-11-18,31,quantile,0.2,0
2023-11-04,2,wk inc hosp,2023-11-18,31,quantile,0.25,0
2023-11-04,2,wk inc hosp,2023-11-18,31,quantile,0.3,0.5675706757067545
2023-11-04,2,wk inc hosp,2023-11-18,31,quantile,0.35,2.5675706757067545
2023-11-04,2,wk inc hosp,2023-11-18,31,quantile,0.4,3.5675706757067545
2023-11-04,2,wk inc hosp,2023-11-18,31,quantile,0.45,5.5675706757067545
2023-11-04,2,wk inc hosp,2023-11-18,31,quantile,0.5,7
2023-11-04,2,wk inc hosp,2023-11-18,31,quantile,0.55,8.567570675706754
2023-11-04,2,wk inc hosp,2023-11-18,31,quantile,0.6,10.567570675706754
2023-11-04,2,wk inc hosp,2023-11-18,31,quantile,0.65,12.52424874248742
2023-11-04,2,wk inc hosp,2023-11-18,31,quantile,0.7,14.567570675706754
2023-11-04,2,wk inc hosp,2023-11-18,31,quantile,0.75,16.62255622556224
2023-11-04,2,wk inc hosp,2023-11-18,31,quantile,0.8,20.037841378413784
2023-11-04,2,wk inc hosp,2023-11-18,31,quantile,0.85,24.67620676206762
2023-11-04,2,wk inc hosp,2023-11-18,31,quantile,0.9,32.549490494905
2023-11-04,2,wk inc hosp,2023-11-18,31,quantile,0.95,44.567570675706754
2023-11-04,2,wk inc hosp,2023-11-18,31,quantile,0.975,52.567570675706754
2023-11-04,2,wk inc hosp,2023-11-18,31,quantile,0.99,60.73046990469896
2023-11-04,2,wk inc hosp,2023-11-18,32,quantile,0.01,0
2023-11-04,2,wk inc hosp,2023-11-18,32,quantile,0.025,0
2023-11-04,2,wk inc hosp,2023-11-18,32,quantile,0.05,0
2023-11-04,2,wk inc hosp,2023-11-18,32,quantile,0.1,0
2023-11-04,2,wk inc hosp,2023-11-18,32,quantile,0.15,0
2023-11-04,2,wk inc hosp,2023-11-18,32,quantile,0.2,0
2023-11-04,2,wk inc hosp,2023-11-18,32,quantile,0.25,0
2023-11-04,2,wk inc hosp,2023-11-18,32,quantile,0.3,0
2023-11-04,2,wk inc hosp,2023-11-18,32,quantile,0.35,2
2023-11-04,2,wk inc hosp,2023-11-18,32,quantile,0.4,4
2023-11-04,2,wk inc hosp,2023-11-18,32,quantile,0.45,6
2023-11-04,2,wk inc hosp,2023-11-18,32,quantile,0.5,8
2023-11-04,2,wk inc hosp,2023-11-18,32,quantile,0.55,10
2023-11-04,2,wk inc hosp,2023-11-18,32,quantile,0.6,12
2023-11-04,2,wk inc hosp,2023-11-18,32,quantile,0.65,14.744489444894446
2023-11-04,2,wk inc hosp,2023-11-18,32,quantile,0.7,18
2023-11-04,2,wk inc hosp,2023-11-18,32,quantile,0.75,22.62057620576209
2023-11-04,2,wk inc hosp,2023-11-18,32,quantile,0.8,28.605538055380606
2023-11-04,2,wk inc hosp,2023-11-18,32,quantile,0.85,36.66693716937167
2023-11-04,2,wk inc hosp,2023-11-18,32,quantile,0.9,53.393812938129514
2023-11-04,2,wk inc hosp,2023-11-18,32,quantile,0.95,82.96600216002157
2023-11-04,2,wk inc hosp,2023-11-18,32,quantile,0.975,112.53399283992816
2023-11-04,2,wk inc hosp,2023-11-18,32,quantile,0.99,149.45391073910653
2023-11-04,2,wk inc hosp,2023-11-18,33,quantile,0.01,0
2023-11-04,2,wk inc hosp,2023-11-18,33,quantile,0.025,0
2023-11-04,2,wk inc hosp,2023-11-18,33,quantile,0.05,0
2023-11-04,2,wk inc hosp,2023-11-18,33,quantile,0.1,0
2023-11-04,2,wk inc hosp,2023-11-18,33,quantile,0.15,0
2023-11-04,2,wk inc hosp,2023-11-18,33,quantile,0.2,0
2023-11-04,2,wk inc hosp,2023-11-18,33,quantile,0.25,0
2023-11-04,2,wk inc hosp,2023-11-18,33,quantile,0.3,0
2023-11-04,2,wk inc hosp,2023-11-18,33,quantile,0.35,0
2023-11-04,2,wk inc hosp,2023-11-18,33,quantile,0.4,0.19487194871948788
2023-11-04,2,wk inc hosp,2023-11-18,33,quantile,0.45,1.1948719487194879
2023-11-04,2,wk inc hosp,2023-11-18,33,quantile,0.5,2
2023-11-04,2,wk inc hosp,2023-11-18,33,quantile,0.55,2.194871948719488
2023-11-04,2,wk inc hosp,2023-11-18,33,quantile,0.6,3.194871948719488
2023-11-04,2,wk inc hosp,2023-11-18,33,quantile,0.65,4.194871948719488
2023-11-04,2,wk inc hosp,2023-11-18,33,quantile,0.7,5.194871948719488
2023-11-04,2,wk inc hosp,2023-11-18,33,quantile,0.75,6.486609866098661
2023-11-04,2,wk inc hosp,2023-11-18,33,quantile,0.8,8.194871948719488
2023-11-04,2,wk inc hosp,2023-11-18,33,quantile,0.85,11.68080530805308
2023-11-04,2,wk inc hosp,2023-11-18,33,quantile,0.9,18.76253462534638
2023-11-04,2,wk inc hosp,2023-11-18,33,quantile,0.95,30.932684826848174
2023-11-04,2,wk inc hosp,2023-11-18,33,quantile,0.975,38.19650196501963
2023-11-04,2,wk inc hosp,2023-11-18,33,quantile,0.99,50.469017490174956
2023-11-04,2,wk inc hosp,2023-11-18,34,quantile,0.01,0
2023-11-04,2,wk inc hosp,2023-11-18,34,quantile,0.025,0
2023-11-04,2,wk inc hosp,2023-11-18,34,quantile,0.05,0
2023-11-04,2,wk inc hosp,2023-11-18,34,quantile,0.1,0
2023-11-04,2,wk inc hosp,2023-11-18,34,quantile,0.15,4
2023-11-04,2,wk inc hosp,2023-11-18,34,quantile,0.2,15
2023-11-04,2,wk inc hosp,2023-11-18,34,quantile,0.25,22.284800348003483
2023-11-04,2,wk inc hosp,2023-11-18,34,quantile,0.3,28
2023-11-04,2,wk inc hosp,2023-11-18,34,quantile,0.35,32.460184101841
2023-11-04,2,wk inc hosp,2023-11-18,34,quantile,0.4,36.73732937329375
2023-11-04,2,wk inc hosp,2023-11-18,34,quantile,0.45,40.473466234662354
2023-11-04,2,wk inc hosp,2023-11-18,34,quantile,0.5,44
2023-11-04,2,wk inc hosp,2023-11-18,34,quantile,0.55,48
2023-11-04,2,wk inc hosp,2023-11-18,34,quantile,0.6,52
2023-11-04,2,wk inc hosp,2023-11-18,34,quantile,0.65,56
2023-11-04,2,wk inc hosp,2023-11-18,34,quantile,0.7,61
2023-11-04,2,wk inc hosp,2023-11-18,34,quantile,0.75,67
2023-11-04,2,wk inc hosp,2023-11-18,34,quantile,0.8,75.92751327513275
2023-11-04,2,wk inc hosp,2023-11-18,34,quantile,0.85,94.05890858908595
2023-11-04,2,wk inc hosp,2023-11-18,34,quantile,0.9,139.18016780167807
2023-11-04,2,wk inc hosp,2023-11-18,34,quantile,0.95,193.8520585205852
2023-11-04,2,wk inc hosp,2023-11-18,34,quantile,0.975,234.21436864368604
2023-11-04,2,wk inc hosp,2023-11-18,34,quantile,0.99,319.0337232372315
2023-11-04,2,wk inc hosp,2023-11-18,35,quantile,0.01,0
2023-11-04,2,wk inc hosp,2023-11-18,35,quantile,0.025,0
2023-11-04,2,wk inc hosp,2023-11-18,35,quantile,0.05,0
2023-11-04,2,wk inc hosp,2023-11-18,35,quantile,0.1,0
2023-11-04,2,wk inc hosp,2023-11-18,35,quantile,0.15,0
2023-11-04,2,wk inc hosp,2023-11-18,35,quantile,0.2,0
2023-11-04,2,wk inc hosp,2023-11-18,35,quantile,0.25,0
2023-11-04,2,wk inc hosp,2023-11-18,35,quantile,0.3,0
2023-11-04,2,wk inc hosp,2023-11-18,35,quantile,0.35,0
2023-11-04,2,wk inc hosp,2023-11-18,35,quantile,0.4,0
2023-11-04,2,wk inc hosp,2023-11-18,35,quantile,0.45,0
2023-11-04,2,wk inc hosp,2023-11-18,35,quantile,0.5,2
2023-11-04,2,wk inc hosp,2023-11-18,35,quantile,0.55,4
2023-11-04,2,wk inc hosp,2023-11-18,35,quantile,0.6,6
2023-11-04,2,wk inc hosp,2023-11-18,35,quantile,0.65,8.054102041020426
2023-11-04,2,wk inc hosp,2023-11-18,35,quantile,0.7,11
2023-11-04,2,wk inc hosp,2023-11-18,35,quantile,0.75,14.478779787797876
2023-11-04,2,wk inc hosp,2023-11-18,35,quantile,0.8,19.654008540085513
2023-11-04,2,wk inc hosp,2023-11-18,35,quantile,0.85,27
2023-11-04,2,wk inc hosp,2023-11-18,35,quantile,0.9,41.94515845158455
2023-11-04,2,wk inc hosp,2023-11-18,35,quantile,0.95,76.50924909249062
2023-11-04,2,wk inc hosp,2023-11-18,35,quantile,0.975,115.51106086060844
2023-11-04,2,wk inc hosp,2023-11-18,35,quantile,0.99,152.76446664466647
2023-11-04,2,wk inc hosp,2023-11-18,36,quantile,0.01,0
2023-11-04,2,wk inc hosp,2023-11-18,36,quantile,0.025,0
2023-11-04,2,wk inc hosp,2023-11-18,36,quantile,0.05,0
2023-11-04,2,wk inc hosp,2023-11-18,36,quantile,0.1,0
2023-11-04,2,wk inc hosp,2023-11-18,36,quantile,0.15,0
2023-11-04,2,wk inc hosp,2023-11-18,36,quantile,0.2,0
2023-11-04,2,wk inc hosp,2023-11-18,36,quantile,0.25,10.516960169601699
2023-11-04,2,wk inc hosp,2023-11-18,36,quantile,0.3,20.058526585265852
2023-11-04,2,wk inc hosp,2023-11-18,36,quantile,0.35,28.239878398783958
2023-11-04,2,wk inc hosp,2023-11-18,36,quantile,0.4,35.41224612246124
2023-11-04,2,wk inc hosp,2023-11-18,36,quantile,0.45,42
2023-11-04,2,wk inc hosp,2023-11-18,36,quantile,0.5,48
2023-11-04,2,wk inc hosp,2023-11-18,36,quantile,0.55,54.2745972459724
2023-11-04,2,wk inc hosp,2023-11-18,36,quantile,0.6,61
2023-11-04,2,wk inc hosp,2023-11-18,36,quantile,0.65,68.78071030710308
2023-11-04,2,wk inc hosp,2023-11-18,36,quantile,0.7,77.96983869838702
2023-11-04,2,wk inc hosp,2023-11-18,36,quantile,0.75,90.4119641196412
2023-11-04,2,wk inc hosp,2023-11-18,36,quantile,0.8,109.96762767627689
2023-11-04,2,wk inc hosp,2023-11-18,36,quantile,0.85,146.79592395923856
2023-11-04,2,wk inc hosp,2023-11-18,36,quantile,0.9,240.69799597995993
2023-11-04,2,wk inc hosp,2023-11-18,36,quantile,0.95,326.8642406424061
2023-11-04,2,wk inc hosp,2023-11-18,36,quantile,0.975,444.62178921789234
2023-11-04,2,wk inc hosp,2023-11-18,36,quantile,0.99,537.1595010950094
2023-11-04,2,wk inc hosp,2023-11-18,37,quantile,0.01,0
2023-11-04,2,wk inc hosp,2023-11-18,37,quantile,0.025,0
2023-11-04,2,wk inc hosp,2023-11-18,37,quantile,0.05,0
2023-11-04,2,wk inc hosp,2023-11-18,37,quantile,0.1,0
2023-11-04,2,wk inc hosp,2023-11-18,37,quantile,0.15,0
2023-11-04,2,wk inc hosp,2023-11-18,37,quantile,0.2,0
2023-11-04,2,wk inc hosp,2023-11-18,37,quantile,0.25,0
2023-11-04,2,wk inc hosp,2023-11-18,37,quantile,0.3,3.97380473804738
2023-11-04,2,wk inc hosp,2023-11-18,37,quantile,0.35,8
2023-11-04,2,wk inc hosp,2023-11-18,37,quantile,0.4,12.090638906389067
2023-11-04,2,wk inc hosp,2023-11-18,37,quantile,0.45,16
2023-11-04,2,wk inc hosp,2023-11-18,37,quantile,0.5,20
2023-11-04,2,wk inc hosp,2023-11-18,37,quantile,0.55,24
2023-11-04,2,wk inc hosp,2023-11-18,37,quantile,0.6,28
2023-11-04,2,wk inc hosp,2023-11-18,37,quantile,0.65,32.550035500355
2023-11-04,2,wk inc hosp,2023-11-18,37,quantile,0.7,38
2023-11-04,2,wk inc hosp,2023-11-18,37,quantile,0.75,45.13251632516322
2023-11-04,2,wk inc hosp,2023-11-18,37,quantile,0.8,55.945119451194515
2023-11-04,2,wk inc hosp,2023-11-18,37,quantile,0.85,73.80173651736516
2023-11-04,2,wk inc hosp,2023-11-18,37,quantile,0.9,94.73247232472329
2023-11-04,2,wk inc hosp,2023-11-18,37,quantile,0.95,125.0498669986699
2023-11-04,2,wk inc hosp,2023-11-18,37,quantile,0.975,179.18790437904306
2023-11-04,2,wk inc hosp,2023-11-18,37,quantile,0.99,240.2415682156818
2023-11-04,2,wk inc hosp,2023-11-18,38,quantile,0.01,0
2023-11-04,2,wk inc hosp,2023-11-18,38,quantile,0.025,0
2023-11-04,2,wk inc hosp,2023-11-18,38,quantile,0.05,0
2023-11-04,2,wk inc hosp,2023-11-18,38,quantile,0.1,0
2023-11-04,2,wk inc hosp,2023-11-18,38,quantile,0.15,0
2023-11-04,2,wk inc hosp,2023-11-18,38,quantile,0.2,0
2023-11-04,2,wk inc hosp,2023-11-18,38,quantile,0.25,0
2023-11-04,2,wk inc hosp,2023-11-18,38,quantile,0.3,0
2023-11-04,2,wk inc hosp,2023-11-18,38,quantile,0.35,0
2023-11-04,2,wk inc hosp,2023-11-18,38,quantile,0.4,0
2023-11-04,2,wk inc hosp,2023-11-18,38,quantile,0.45,0
2023-11-04,2,wk inc hosp,2023-11-18,38,quantile,0.5,1
2023-11-04,2,wk inc hosp,2023-11-18,38,quantile,0.55,1
2023-11-04,2,wk inc hosp,2023-11-18,38,quantile,0.6,2
2023-11-04,2,wk inc hosp,2023-11-18,38,quantile,0.65,3
2023-11-04,2,wk inc hosp,2023-11-18,38,quantile,0.7,4
2023-11-04,2,wk inc hosp,2023-11-18,38,quantile,0.75,5.688671886718872
2023-11-04,2,wk inc hosp,2023-11-18,38,quantile,0.8,7.564529645296446
2023-11-04,2,wk inc hosp,2023-11-18,38,quantile,0.85,10
2023-11-04,2,wk inc hosp,2023-11-18,38,quantile,0.9,14.403619036190367
2023-11-04,2,wk inc hosp,2023-11-18,38,quantile,0.95,23.470799207992087
2023-11-04,2,wk inc hosp,2023-11-18,38,quantile,0.975,30.284124341243274
2023-11-04,2,wk inc hosp,2023-11-18,38,quantile,0.99,35.53201252012517
2023-11-04,2,wk inc hosp,2023-11-18,39,quantile,0.01,0
2023-11-04,2,wk inc hosp,2023-11-18,39,quantile,0.025,0
2023-11-04,2,wk inc hosp,2023-11-18,39,quantile,0.05,0
2023-11-04,2,wk inc hosp,2023-11-18,39,quantile,0.1,0
2023-11-04,2,wk inc hosp,2023-11-18,39,quantile,0.15,0
2023-11-04,2,wk inc hosp,2023-11-18,39,quantile,0.2,0
2023-11-04,2,wk inc hosp,2023-11-18,39,quantile,0.25,0
2023-11-04,2,wk inc hosp,2023-11-18,39,quantile,0.3,3
2023-11-04,2,wk inc hosp,2023-11-18,39,quantile,0.35,7
2023-11-04,2,wk inc hosp,2023-11-18,39,quantile,0.4,10.573189731897322
2023-11-04,2,wk inc hosp,2023-11-18,39,quantile,0.45,14
2023-11-04,2,wk inc hosp,2023-11-18,39,quantile,0.5,17
2023-11-04,2,wk inc hosp,2023-11-18,39,quantile,0.55,20
2023-11-04,2,wk inc hosp,2023-11-18,39,quantile,0.6,23.74215142151419
2023-11-04,2,wk inc hosp,2023-11-18,39,quantile,0.65,28
2023-11-04,2,wk inc hosp,2023-11-18,39,quantile,0.7,33.36974169741696
2023-11-04,2,wk inc hosp,2023-11-18,39,quantile,0.75,40.68476434764348
2023-11-04,2,wk inc hosp,2023-11-18,39,quantile,0.8,51.75064550645514
2023-11-04,2,wk inc hosp,2023-11-18,39,quantile,0.85,74.88206932069312
2023-11-04,2,wk inc hosp,2023-11-18,39,quantile,0.9,99.63127131271314
2023-11-04,2,wk inc hosp,2023-11-18,39,quantile,0.95,218.04842598426015
2023-11-04,2,wk inc hosp,2023-11-18,39,quantile,0.975,288.26197211972146
2023-11-04,2,wk inc hosp,2023-11-18,39,quantile,0.99,359.8150454504548
2023-11-04,2,wk inc hosp,2023-11-18,40,quantile,0.01,0
2023-11-04,2,wk inc hosp,2023-11-18,40,quantile,0.025,0
2023-11-04,2,wk inc hosp,2023-11-18,40,quantile,0.05,0
2023-11-04,2,wk inc hosp,2023-11-18,40,quantile,0.1,0
2023-11-04,2,wk inc hosp,2023-11-18,40,quantile,0.15,0
2023-11-04,2,wk inc hosp,2023-11-18,40,quantile,0.2,0
2023-11-04,2,wk inc hosp,2023-11-18,40,quantile,0.25,0
2023-11-04,2,wk inc hosp,2023-11-18,40,quantile,0.3,0
2023-11-04,2,wk inc hosp,2023-11-18,40,quantile,0.35,0
2023-11-04,2,wk inc hosp,2023-11-18,40,quantile,0.4,2.9576295762957585
2023-11-04,2,wk inc hosp,2023-11-18,40,quantile,0.45,6.93539535395354
2023-11-04,2,wk inc hosp,2023-11-18,40,quantile,0.5,10
2023-11-04,2,wk inc hosp,2023-11-18,40,quantile,0.55,13.957629576295759
2023-11-04,2,wk inc hosp,2023-11-18,40,quantile,0.6,17.95762957629576
2023-11-04,2,wk inc hosp,2023-11-18,40,quantile,0.65,22.714623646236454
2023-11-04,2,wk inc hosp,2023-11-18,40,quantile,0.7,28.23637636376364
2023-11-04,2,wk inc hosp,2023-11-18,40,quantile,0.75,35.81145561455613
2023-11-04,2,wk inc hosp,2023-11-18,40,quantile,0.8,46.836082360823625
2023-11-04,2,wk inc hosp,2023-11-18,40,quantile,0.85,66.2776177761776
2023-11-04,2,wk inc hosp,2023-11-18,40,quantile,0.9,92.0950799507995
2023-11-04,2,wk inc hosp,2023-11-18,40,quantile,0.95,172.77244922449142
2023-11-04,2,wk inc hosp,2023-11-18,40,quantile,0.975,233.69617296172942
2023-11-04,2,wk inc hosp,2023-11-18,40,quantile,0.99,322.4993287932875
2023-11-04,2,wk inc hosp,2023-11-18,41,quantile,0.01,0
2023-11-04,2,wk inc hosp,2023-11-18,41,quantile,0.025,0
2023-11-04,2,wk inc hosp,2023-11-18,41,quantile,0.05,0
2023-11-04,2,wk inc hosp,2023-11-18,41,quantile,0.1,0
2023-11-04,2,wk inc hosp,2023-11-18,41,quantile,0.15,0
2023-11-04,2,wk inc hosp,2023-11-18,41,quantile,0.2,4
2023-11-04,2,wk inc hosp,2023-11-18,41,quantile,0.25,7
2023-11-04,2,wk inc hosp,2023-11-18,41,quantile,0.3,9
2023-11-04,2,wk inc hosp,2023-11-18,41,quantile,0.35,11
2023-11-04,2,wk inc hosp,2023-11-18,41,quantile,0.4,12
2023-11-04,2,wk inc hosp,2023-11-18,41,quantile,0.45,13
2023-11-04,2,wk inc hosp,2023-11-18,41,quantile,0.5,14
2023-11-04,2,wk inc hosp,2023-11-18,41,quantile,0.55,15
2023-11-04,2,wk inc hosp,2023-11-18,41,quantile,0.6,16
2023-11-04,2,wk inc hosp,2023-11-18,41,quantile,0.65,17.922106221062222
2023-11-04,2,wk inc hosp,2023-11-18,41,quantile,0.7,19
2023-11-04,2,wk inc hosp,2023-11-18,41,quantile,0.75,21.34955349553495
2023-11-04,2,wk inc hosp,2023-11-18,41,quantile,0.8,25.65367453674541
2023-11-04,2,wk inc hosp,2023-11-18,41,quantile,0.85,36.62559625596265
2023-11-04,2,wk inc hosp,2023-11-18,41,quantile,0.9,75.08207282072797
2023-11-04,2,wk inc hosp,2023-11-18,41,quantile,0.95,165.15179601795916
2023-11-04,2,wk inc hosp,2023-11-18,41,quantile,0.975,238.27288847888428
2023-11-04,2,wk inc hosp,2023-11-18,41,quantile,0.99,264.80108711087104
2023-11-04,2,wk inc hosp,2023-11-18,42,quantile,0.01,0
2023-11-04,2,wk inc hosp,2023-11-18,42,quantile,0.025,0
2023-11-04,2,wk inc hosp,2023-11-18,42,quantile,0.05,0
2023-11-04,2,wk inc hosp,2023-11-18,42,quantile,0.1,0
2023-11-04,2,wk inc hosp,2023-11-18,42,quantile,0.15,0
2023-11-04,2,wk inc hosp,2023-11-18,42,quantile,0.2,9.988101881018821
2023-11-04,2,wk inc hosp,2023-11-18,42,quantile,0.25,19.817708177081755
2023-11-04,2,wk inc hosp,2023-11-18,42,quantile,0.3,27.522405224052243
2023-11-04,2,wk inc hosp,2023-11-18,42,quantile,0.35,33.99957949579493
2023-11-04,2,wk inc hosp,2023-11-18,42,quantile,0.4,39.56105361053611
2023-11-04,2,wk inc hosp,2023-11-18,42,quantile,0.45,44.84619296192962
2023-11-04,2,wk inc hosp,2023-11-18,42,quantile,0.5,50
2023-11-04,2,wk inc hosp,2023-11-18,42,quantile,0.55,55.13283032830331
2023-11-04,2,wk inc hosp,2023-11-18,42,quantile,0.6,60.52240522405224
2023-11-04,2,wk inc hosp,2023-11-18,42,quantile,0.65,66.2677971779718
2023-11-04,2,wk inc hosp,2023-11-18,42,quantile,0.7,73.17654676546766
2023-11-04,2,wk inc hosp,2023-11-18,42,quantile,0.75,81.83813088130884
2023-11-04,2,wk inc hosp,2023-11-18,42,quantile,0.8,94.22243422434225
2023-11-04,2,wk inc hosp,2023-11-18,42,quantile,0.85,114.8641491414913
2023-11-04,2,wk inc hosp,2023-11-18,42,quantile,0.9,160.6990379903801
2023-11-04,2,wk inc hosp,2023-11-18,42,quantile,0.95,266.7826308263073
2023-11-04,2,wk inc hosp,2023-11-18,42,quantile,0.975,375.73491534915325
2023-11-04,2,wk inc hosp,2023-11-18,42,quantile,0.99,511.5826183261799
2023-11-04,2,wk inc hosp,2023-11-18,44,quantile,0.01,0
2023-11-04,2,wk inc hosp,2023-11-18,44,quantile,0.025,0
2023-11-04,2,wk inc hosp,2023-11-18,44,quantile,0.05,0
2023-11-04,2,wk inc hosp,2023-11-18,44,quantile,0.1,0
2023-11-04,2,wk inc hosp,2023-11-18,44,quantile,0.15,0
2023-11-04,2,wk inc hosp,2023-11-18,44,quantile,0.2,0
2023-11-04,2,wk inc hosp,2023-11-18,44,quantile,0.25,0
2023-11-04,2,wk inc hosp,2023-11-18,44,quantile,0.3,0
2023-11-04,2,wk inc hosp,2023-11-18,44,quantile,0.35,0
2023-11-04,2,wk inc hosp,2023-11-18,44,quantile,0.4,0.26229462294623346
2023-11-04,2,wk inc hosp,2023-11-18,44,quantile,0.45,1
2023-11-04,2,wk inc hosp,2023-11-18,44,quantile,0.5,1
2023-11-04,2,wk inc hosp,2023-11-18,44,quantile,0.55,2
2023-11-04,2,wk inc hosp,2023-11-18,44,quantile,0.6,2
2023-11-04,2,wk inc hosp,2023-11-18,44,quantile,0.65,3
2023-11-04,2,wk inc hosp,2023-11-18,44,quantile,0.7,3
2023-11-04,2,wk inc hosp,2023-11-18,44,quantile,0.75,4
2023-11-04,2,wk inc hosp,2023-11-18,44,quantile,0.8,5
2023-11-04,2,wk inc hosp,2023-11-18,44,quantile,0.85,6.654131041310395
2023-11-04,2,wk inc hosp,2023-11-18,44,quantile,0.9,9.864597645976472
2023-11-04,2,wk inc hosp,2023-11-18,44,quantile,0.95,15.773206232062304
2023-11-04,2,wk inc hosp,2023-11-18,44,quantile,0.975,24.631397063970653
2023-11-04,2,wk inc hosp,2023-11-18,44,quantile,0.99,30.84092950929501
2023-11-04,2,wk inc hosp,2023-11-18,45,quantile,0.01,0
2023-11-04,2,wk inc hosp,2023-11-18,45,quantile,0.025,0
2023-11-04,2,wk inc hosp,2023-11-18,45,quantile,0.05,0
2023-11-04,2,wk inc hosp,2023-11-18,45,quantile,0.1,0
2023-11-04,2,wk inc hosp,2023-11-18,45,quantile,0.15,0.9368788687886861
2023-11-04,2,wk inc hosp,2023-11-18,45,quantile,0.2,5
2023-11-04,2,wk inc hosp,2023-11-18,45,quantile,0.25,8.735429854298545
2023-11-04,2,wk inc hosp,2023-11-18,45,quantile,0.3,11.616958169581691
2023-11-04,2,wk inc hosp,2023-11-18,45,quantile,0.35,14
2023-11-04,2,wk inc hosp,2023-11-18,45,quantile,0.4,16.753511535115347
2023-11-04,2,wk inc hosp,2023-11-18,45,quantile,0.45,19
2023-11-04,2,wk inc hosp,2023-11-18,45,quantile,0.5,21
2023-11-04,2,wk inc hosp,2023-11-18,45,quantile,0.55,23.073746737467367
2023-11-04,2,wk inc hosp,2023-11-18,45,quantile,0.6,25.86597265972658
2023-11-04,2,wk inc hosp,2023-11-18,45,quantile,0.65,28
2023-11-04,2,wk inc hosp,2023-11-18,45,quantile,0.7,31
2023-11-04,2,wk inc hosp,2023-11-18,45,quantile,0.75,34
2023-11-04,2,wk inc hosp,2023-11-18,45,quantile,0.8,38
2023-11-04,2,wk inc hosp,2023-11-18,45,quantile,0.85,43.464080640806394
2023-11-04,2,wk inc hosp,2023-11-18,45,quantile,0.9,52.82148921489219
2023-11-04,2,wk inc hosp,2023-11-18,45,quantile,0.95,78.4418614186142
2023-11-04,2,wk inc hosp,2023-11-18,45,quantile,0.975,103.054644796448
2023-11-04,2,wk inc hosp,2023-11-18,45,quantile,0.99,116.51425834258337
2023-11-04,2,wk inc hosp,2023-11-18,46,quantile,0.01,0
2023-11-04,2,wk inc hosp,2023-11-18,46,quantile,0.025,0
2023-11-04,2,wk inc hosp,2023-11-18,46,quantile,0.05,0
2023-11-04,2,wk inc hosp,2023-11-18,46,quantile,0.1,0
2023-11-04,2,wk inc hosp,2023-11-18,46,quantile,0.15,0
2023-11-04,2,wk inc hosp,2023-11-18,46,quantile,0.2,0
2023-11-04,2,wk inc hosp,2023-11-18,46,quantile,0.25,0
2023-11-04,2,wk inc hosp,2023-11-18,46,quantile,0.3,0
2023-11-04,2,wk inc hosp,2023-11-18,46,quantile,0.35,0.3020480204802034
2023-11-04,2,wk inc hosp,2023-11-18,46,quantile,0.4,1.3020480204802034
2023-11-04,2,wk inc hosp,2023-11-18,46,quantile,0.45,2.3020480204802034
2023-11-04,2,wk inc hosp,2023-11-18,46,quantile,0.5,3
2023-11-04,2,wk inc hosp,2023-11-18,46,quantile,0.55,4.087029870298711
2023-11-04,2,wk inc hosp,2023-11-18,46,quantile,0.6,5.302048020480203
2023-11-04,2,wk inc hosp,2023-11-18,46,quantile,0.65,6.302048020480203
2023-11-04,2,wk inc hosp,2023-11-18,46,quantile,0.7,7.442029420294195
2023-11-04,2,wk inc hosp,2023-11-18,46,quantile,0.75,9.302048020480203
2023-11-04,2,wk inc hosp,2023-11-18,46,quantile,0.8,11.302048020480203
2023-11-04,2,wk inc hosp,2023-11-18,46,quantile,0.85,14.057785577855771
2023-11-04,2,wk inc hosp,2023-11-18,46,quantile,0.9,17.569863698636993
2023-11-04,2,wk inc hosp,2023-11-18,46,quantile,0.95,25.238453384533788
2023-11-04,2,wk inc hosp,2023-11-18,46,quantile,0.975,33.27518575185755
2023-11-04,2,wk inc hosp,2023-11-18,46,quantile,0.99,45.65643846438462
2023-11-04,2,wk inc hosp,2023-11-18,47,quantile,0.01,0
2023-11-04,2,wk inc hosp,2023-11-18,47,quantile,0.025,0
2023-11-04,2,wk inc hosp,2023-11-18,47,quantile,0.05,0
2023-11-04,2,wk inc hosp,2023-11-18,47,quantile,0.1,0
2023-11-04,2,wk inc hosp,2023-11-18,47,quantile,0.15,9.980252302523013
2023-11-04,2,wk inc hosp,2023-11-18,47,quantile,0.2,18
2023-11-04,2,wk inc hosp,2023-11-18,47,quantile,0.25,24
2023-11-04,2,wk inc hosp,2023-11-18,47,quantile,0.3,29
2023-11-04,2,wk inc hosp,2023-11-18,47,quantile,0.35,33
2023-11-04,2,wk inc hosp,2023-11-18,47,quantile,0.4,37
2023-11-04,2,wk inc hosp,2023-11-18,47,quantile,0.45,40.61960319603195
2023-11-04,2,wk inc hosp,2023-11-18,47,quantile,0.5,44
2023-11-04,2,wk inc hosp,2023-11-18,47,quantile,0.55,47.87079420794208
2023-11-04,2,wk inc hosp,2023-11-18,47,quantile,0.6,51.22715027150271
2023-11-04,2,wk inc hosp,2023-11-18,47,quantile,0.65,55.31451514515146
2023-11-04,2,wk inc hosp,2023-11-18,47,quantile,0.7,59.89607796077959
2023-11-04,2,wk inc hosp,2023-11-18,47,quantile,0.75,64.82938079380791
2023-11-04,2,wk inc hosp,2023-11-18,47,quantile,0.8,71.09748297482976
2023-11-04,2,wk inc hosp,2023-11-18,47,quantile,0.85,80.97637826378264
2023-11-04,2,wk inc hosp,2023-11-18,47,quantile,0.9,105.26826368263693
2023-11-04,2,wk inc hosp,2023-11-18,47,quantile,0.95,196.771074210741
2023-11-04,2,wk inc hosp,2023-11-18,47,quantile,0.975,247.7496759967597
2023-11-04,2,wk inc hosp,2023-11-18,47,quantile,0.99,270.7890704907051
2023-11-04,2,wk inc hosp,2023-11-18,48,quantile,0.01,0
2023-11-04,2,wk inc hosp,2023-11-18,48,quantile,0.025,0
2023-11-04,2,wk inc hosp,2023-11-18,48,quantile,0.05,0
2023-11-04,2,wk inc hosp,2023-11-18,48,quantile,0.1,15.53070630706311
2023-11-04,2,wk inc hosp,2023-11-18,48,quantile,0.15,82.5612206122061
2023-11-04,2,wk inc hosp,2023-11-18,48,quantile,0.2,128.6125981259813
2023-11-04,2,wk inc hosp,2023-11-18,48,quantile,0.25,164.40166401664015
2023-11-04,2,wk inc hosp,2023-11-18,48,quantile,0.3,194.06973869738695
2023-11-04,2,wk inc hosp,2023-11-18,48,quantile,0.35,213.26298362983627
2023-11-04,2,wk inc hosp,2023-11-18,48,quantile,0.4,225.86875868758688
2023-11-04,2,wk inc hosp,2023-11-18,48,quantile,0.45,236.4469399693997
2023-11-04,2,wk inc hosp,2023-11-18,48,quantile,0.5,246
2023-11-04,2,wk inc hosp,2023-11-18,48,quantile,0.55,255.64786997869982
2023-11-04,2,wk inc hosp,2023-11-18,48,quantile,0.6,265.9381113811138
2023-11-04,2,wk inc hosp,2023-11-18,48,quantile,0.65,278.8687586875869
2023-11-04,2,wk inc hosp,2023-11-18,48,quantile,0.7,298.40600606006046
2023-11-04,2,wk inc hosp,2023-11-18,48,quantile,0.75,328.6652566525665
2023-11-04,2,wk inc hosp,2023-11-18,48,quantile,0.8,365.75322753227533
2023-11-04,2,wk inc hosp,2023-11-18,48,quantile,0.85,412.6344058440583
2023-11-04,2,wk inc hosp,2023-11-18,48,quantile,0.9,491.6856978569786
2023-11-04,2,wk inc hosp,2023-11-18,48,quantile,0.95,614.7666786667858
2023-11-04,2,wk inc hosp,2023-11-18,48,quantile,0.975,710.1155699056987
2023-11-04,2,wk inc hosp,2023-11-18,48,quantile,0.99,820.8781191811916
2023-11-04,2,wk inc hosp,2023-11-18,49,quantile,0.01,0
2023-11-04,2,wk inc hosp,2023-11-18,49,quantile,0.025,0
2023-11-04,2,wk inc hosp,2023-11-18,49,quantile,0.05,0
2023-11-04,2,wk inc hosp,2023-11-18,49,quantile,0.1,0
2023-11-04,2,wk inc hosp,2023-11-18,49,quantile,0.15,0
2023-11-04,2,wk inc hosp,2023-11-18,49,quantile,0.2,0
2023-11-04,2,wk inc hosp,2023-11-18,49,quantile,0.25,0
2023-11-04,2,wk inc hosp,2023-11-18,49,quantile,0.3,1.3594375943759418
2023-11-04,2,wk inc hosp,2023-11-18,49,quantile,0.35,2.3267757677576757
2023-11-04,2,wk inc hosp,2023-11-18,49,quantile,0.4,3
2023-11-04,2,wk inc hosp,2023-11-18,49,quantile,0.45,4
2023-11-04,2,wk inc hosp,2023-11-18,49,quantile,0.5,5
2023-11-04,2,wk inc hosp,2023-11-18,49,quantile,0.55,6
2023-11-04,2,wk inc hosp,2023-11-18,49,quantile,0.6,7
2023-11-04,2,wk inc hosp,2023-11-18,49,quantile,0.65,8
2023-11-04,2,wk inc hosp,2023-11-18,49,quantile,0.7,9
2023-11-04,2,wk inc hosp,2023-11-18,49,quantile,0.75,10.551965519655198
2023-11-04,2,wk inc hosp,2023-11-18,49,quantile,0.8,12
2023-11-04,2,wk inc hosp,2023-11-18,49,quantile,0.85,15
2023-11-04,2,wk inc hosp,2023-11-18,49,quantile,0.9,19.661850618506186
2023-11-04,2,wk inc hosp,2023-11-18,49,quantile,0.95,26.254071040710446
2023-11-04,2,wk inc hosp,2023-11-18,49,quantile,0.975,31.70546005460053
2023-11-04,2,wk inc hosp,2023-11-18,49,quantile,0.99,40.525939759397595
2023-11-04,2,wk inc hosp,2023-11-18,50,quantile,0.01,0
2023-11-04,2,wk inc hosp,2023-11-18,50,quantile,0.025,0
2023-11-04,2,wk inc hosp,2023-11-18,50,quantile,0.05,0
2023-11-04,2,wk inc hosp,2023-11-18,50,quantile,0.1,0
2023-11-04,2,wk inc hosp,2023-11-18,50,quantile,0.15,0
2023-11-04,2,wk inc hosp,2023-11-18,50,quantile,0.2,0
2023-11-04,2,wk inc hosp,2023-11-18,50,quantile,0.25,0
2023-11-04,2,wk inc hosp,2023-11-18,50,quantile,0.3,0
2023-11-04,2,wk inc hosp,2023-11-18,50,quantile,0.35,0
2023-11-04,2,wk inc hosp,2023-11-18,50,quantile,0.4,0
2023-11-04,2,wk inc hosp,2023-11-18,50,quantile,0.45,0
2023-11-04,2,wk inc hosp,2023-11-18,50,quantile,0.5,3.7750377503531496e-4
2023-11-04,2,wk inc hosp,2023-11-18,50,quantile,0.55,0.12015620156201656
2023-11-04,2,wk inc hosp,2023-11-18,50,quantile,0.6,0.12015620156201656
2023-11-04,2,wk inc hosp,2023-11-18,50,quantile,0.65,1.1201562015620166
2023-11-04,2,wk inc hosp,2023-11-18,50,quantile,0.7,1.1201562015620166
2023-11-04,2,wk inc hosp,2023-11-18,50,quantile,0.75,2.1201562015620166
2023-11-04,2,wk inc hosp,2023-11-18,50,quantile,0.8,3.1201562015620166
2023-11-04,2,wk inc hosp,2023-11-18,50,quantile,0.85,4.120156201562017
2023-11-04,2,wk inc hosp,2023-11-18,50,quantile,0.9,8.120156201562017
2023-11-04,2,wk inc hosp,2023-11-18,50,quantile,0.95,15.23865738657386
2023-11-04,2,wk inc hosp,2023-11-18,50,quantile,0.975,22.56784467844684
2023-11-04,2,wk inc hosp,2023-11-18,50,quantile,0.99,32.92516475164748
2023-11-04,2,wk inc hosp,2023-11-18,51,quantile,0.01,0
2023-11-04,2,wk inc hosp,2023-11-18,51,quantile,0.025,0
2023-11-04,2,wk inc hosp,2023-11-18,51,quantile,0.05,0
2023-11-04,2,wk inc hosp,2023-11-18,51,quantile,0.1,6.991733917339177
2023-11-04,2,wk inc hosp,2023-11-18,51,quantile,0.15,27.182922329223295
2023-11-04,2,wk inc hosp,2023-11-18,51,quantile,0.2,36.43466634666348
2023-11-04,2,wk inc hosp,2023-11-18,51,quantile,0.25,42.274490244902445
2023-11-04,2,wk inc hosp,2023-11-18,51,quantile,0.3,47
2023-11-04,2,wk inc hosp,2023-11-18,51,quantile,0.35,51
2023-11-04,2,wk inc hosp,2023-11-18,51,quantile,0.4,54.34222742227422
2023-11-04,2,wk inc hosp,2023-11-18,51,quantile,0.45,58
2023-11-04,2,wk inc hosp,2023-11-18,51,quantile,0.5,61
2023-11-04,2,wk inc hosp,2023-11-18,51,quantile,0.55,64.19963149631498
2023-11-04,2,wk inc hosp,2023-11-18,51,quantile,0.6,67.82909429094292
2023-11-04,2,wk inc hosp,2023-11-18,51,quantile,0.65,71.15031550315504
2023-11-04,2,wk inc hosp,2023-11-18,51,quantile,0.7,75.16965369653695
2023-11-04,2,wk inc hosp,2023-11-18,51,quantile,0.75,80
2023-11-04,2,wk inc hosp,2023-11-18,51,quantile,0.8,86
2023-11-04,2,wk inc hosp,2023-11-18,51,quantile,0.85,95.55573255732557
2023-11-04,2,wk inc hosp,2023-11-18,51,quantile,0.9,125.7980669806702
2023-11-04,2,wk inc hosp,2023-11-18,51,quantile,0.95,170.43044430444291
2023-11-04,2,wk inc hosp,2023-11-18,51,quantile,0.975,191.86775892758925
2023-11-04,2,wk inc hosp,2023-11-18,51,quantile,0.99,210.4781777817777
2023-11-04,2,wk inc hosp,2023-11-18,53,quantile,0.01,0
2023-11-04,2,wk inc hosp,2023-11-18,53,quantile,0.025,0
2023-11-04,2,wk inc hosp,2023-11-18,53,quantile,0.05,0
2023-11-04,2,wk inc hosp,2023-11-18,53,quantile,0.1,0
2023-11-04,2,wk inc hosp,2023-11-18,53,quantile,0.15,0
2023-11-04,2,wk inc hosp,2023-11-18,53,quantile,0.2,0
2023-11-04,2,wk inc hosp,2023-11-18,53,quantile,0.25,0
2023-11-04,2,wk inc hosp,2023-11-18,53,quantile,0.3,0
2023-11-04,2,wk inc hosp,2023-11-18,53,quantile,0.35,1
2023-11-04,2,wk inc hosp,2023-11-18,53,quantile,0.4,3.620160201602025
2023-11-04,2,wk inc hosp,2023-11-18,53,quantile,0.45,6
2023-11-04,2,wk inc hosp,2023-11-18,53,quantile,0.5,8
2023-11-04,2,wk inc hosp,2023-11-18,53,quantile,0.55,10
2023-11-04,2,wk inc hosp,2023-11-18,53,quantile,0.6,12.934157341573401
2023-11-04,2,wk inc hosp,2023-11-18,53,quantile,0.65,15.420562705627068
2023-11-04,2,wk inc hosp,2023-11-18,53,quantile,0.7,18.67730277302773
2023-11-04,2,wk inc hosp,2023-11-18,53,quantile,0.75,22.538650386503868
2023-11-04,2,wk inc hosp,2023-11-18,53,quantile,0.8,28
2023-11-04,2,wk inc hosp,2023-11-18,53,quantile,0.85,37.83673936739359
2023-11-04,2,wk inc hosp,2023-11-18,53,quantile,0.9,73.7468784687847
2023-11-04,2,wk inc hosp,2023-11-18,53,quantile,0.95,161.69066240662397
2023-11-04,2,wk inc hosp,2023-11-18,53,quantile,0.975,239.47623401233983
2023-11-04,2,wk inc hosp,2023-11-18,53,quantile,0.99,330.5267314673156
2023-11-04,2,wk inc hosp,2023-11-18,54,quantile,0.01,0
2023-11-04,2,wk inc hosp,2023-11-18,54,quantile,0.025,0
2023-11-04,2,wk inc hosp,2023-11-18,54,quantile,0.05,0
2023-11-04,2,wk inc hosp,2023-11-18,54,quantile,0.1,0
2023-11-04,2,wk inc hosp,2023-11-18,54,quantile,0.15,0
2023-11-04,2,wk inc hosp,2023-11-18,54,quantile,0.2,0
2023-11-04,2,wk inc hosp,2023-11-18,54,quantile,0.25,0
2023-11-04,2,wk inc hosp,2023-11-18,54,quantile,0.3,0
2023-11-04,2,wk inc hosp,2023-11-18,54,quantile,0.35,0
2023-11-04,2,wk inc hosp,2023-11-18,54,quantile,0.4,1
2023-11-04,2,wk inc hosp,2023-11-18,54,quantile,0.45,2.6462074620746234
2023-11-04,2,wk inc hosp,2023-11-18,54,quantile,0.5,4
2023-11-04,2,wk inc hosp,2023-11-18,54,quantile,0.55,6
2023-11-04,2,wk inc hosp,2023-11-18,54,quantile,0.6,7.0576505765057576
2023-11-04,2,wk inc hosp,2023-11-18,54,quantile,0.65,9
2023-11-04,2,wk inc hosp,2023-11-18,54,quantile,0.7,11.332446324463223
2023-11-04,2,wk inc hosp,2023-11-18,54,quantile,0.75,14.083700837008363
2023-11-04,2,wk inc hosp,2023-11-18,54,quantile,0.8,18.36918369183695
2023-11-04,2,wk inc hosp,2023-11-18,54,quantile,0.85,26.1019900199002
2023-11-04,2,wk inc hosp,2023-11-18,54,quantile,0.9,40.29822698226974
2023-11-04,2,wk inc hosp,2023-11-18,54,quantile,0.95,59.00511755117542
2023-11-04,2,wk inc hosp,2023-11-18,54,quantile,0.975,92.32681051810432
2023-11-04,2,wk inc hosp,2023-11-18,54,quantile,0.99,123.21758707587085
2023-11-04,2,wk inc hosp,2023-11-18,55,quantile,0.01,0
2023-11-04,2,wk inc hosp,2023-11-18,55,quantile,0.025,0
2023-11-04,2,wk inc hosp,2023-11-18,55,quantile,0.05,0
2023-11-04,2,wk inc hosp,2023-11-18,55,quantile,0.1,0
2023-11-04,2,wk inc hosp,2023-11-18,55,quantile,0.15,0
2023-11-04,2,wk inc hosp,2023-11-18,55,quantile,0.2,0
2023-11-04,2,wk inc hosp,2023-11-18,55,quantile,0.25,0
2023-11-04,2,wk inc hosp,2023-11-18,55,quantile,0.3,0
2023-11-04,2,wk inc hosp,2023-11-18,55,quantile,0.35,1
2023-11-04,2,wk inc hosp,2023-11-18,55,quantile,0.4,3
2023-11-04,2,wk inc hosp,2023-11-18,55,quantile,0.45,5
2023-11-04,2,wk inc hosp,2023-11-18,55,quantile,0.5,7
2023-11-04,2,wk inc hosp,2023-11-18,55,quantile,0.55,9.015991659916605
2023-11-04,2,wk inc hosp,2023-11-18,55,quantile,0.6,11.791219912199125
2023-11-04,2,wk inc hosp,2023-11-18,55,quantile,0.65,14.27025620256202
2023-11-04,2,wk inc hosp,2023-11-18,55,quantile,0.7,17.629820298202958
2023-11-04,2,wk inc hosp,2023-11-18,55,quantile,0.75,21.689574395743954
2023-11-04,2,wk inc hosp,2023-11-18,55,quantile,0.8,27.265514655146607
2023-11-04,2,wk inc hosp,2023-11-18,55,quantile,0.85,36.497574975749785
2023-11-04,2,wk inc hosp,2023-11-18,55,quantile,0.9,54.759012590125934
2023-11-04,2,wk inc hosp,2023-11-18,55,quantile,0.95,118.53765787657906
2023-11-04,2,wk inc hosp,2023-11-18,55,quantile,0.975,164.0501475014747
2023-11-04,2,wk inc hosp,2023-11-18,55,quantile,0.99,200.36924319243204
2023-11-04,2,wk inc hosp,2023-11-18,56,quantile,0.01,0
2023-11-04,2,wk inc hosp,2023-11-18,56,quantile,0.025,0
2023-11-04,2,wk inc hosp,2023-11-18,56,quantile,0.05,0
2023-11-04,2,wk inc hosp,2023-11-18,56,quantile,0.1,0
2023-11-04,2,wk inc hosp,2023-11-18,56,quantile,0.15,0
2023-11-04,2,wk inc hosp,2023-11-18,56,quantile,0.2,0
2023-11-04,2,wk inc hosp,2023-11-18,56,quantile,0.25,0
2023-11-04,2,wk inc hosp,2023-11-18,56,quantile,0.3,0
2023-11-04,2,wk inc hosp,2023-11-18,56,quantile,0.35,0
2023-11-04,2,wk inc hosp,2023-11-18,56,quantile,0.4,0
2023-11-04,2,wk inc hosp,2023-11-18,56,quantile,0.45,0
2023-11-04,2,wk inc hosp,2023-11-18,56,quantile,0.5,0
2023-11-04,2,wk inc hosp,2023-11-18,56,quantile,0.55,0
2023-11-04,2,wk inc hosp,2023-11-18,56,quantile,0.6,1
2023-11-04,2,wk inc hosp,2023-11-18,56,quantile,0.65,1.3851788517885213
2023-11-04,2,wk inc hosp,2023-11-18,56,quantile,0.7,2
2023-11-04,2,wk inc hosp,2023-11-18,56,quantile,0.75,3
2023-11-04,2,wk inc hosp,2023-11-18,56,quantile,0.8,4.366195661956639
2023-11-04,2,wk inc hosp,2023-11-18,56,quantile,0.85,6
2023-11-04,2,wk inc hosp,2023-11-18,56,quantile,0.9,9.146601466014678
2023-11-04,2,wk inc hosp,2023-11-18,56,quantile,0.95,18.865534155341475
2023-11-04,2,wk inc hosp,2023-11-18,56,quantile,0.975,29.832978329783316
2023-11-04,2,wk inc hosp,2023-11-18,56,quantile,0.99,35.98595635956362
2023-11-04,2,wk inc hosp,2023-11-18,72,quantile,0.01,91.95363593635936
2023-11-04,2,wk inc hosp,2023-11-18,72,quantile,0.025,104.24442819428195
2023-11-04,2,wk inc hosp,2023-11-18,72,quantile,0.05,116.21704517045171
2023-11-04,2,wk inc hosp,2023-11-18,72,quantile,0.1,130
2023-11-04,2,wk inc hosp,2023-11-18,72,quantile,0.15,138
2023-11-04,2,wk inc hosp,2023-11-18,72,quantile,0.2,143.4506145061451
2023-11-04,2,wk inc hosp,2023-11-18,72,quantile,0.25,148
2023-11-04,2,wk inc hosp,2023-11-18,72,quantile,0.3,151.84239042390422
2023-11-04,2,wk inc hosp,2023-11-18,72,quantile,0.35,155
2023-11-04,2,wk inc hosp,2023-11-18,72,quantile,0.4,158
2023-11-04,2,wk inc hosp,2023-11-18,72,quantile,0.45,161
2023-11-04,2,wk inc hosp,2023-11-18,72,quantile,0.5,164
2023-11-04,2,wk inc hosp,2023-11-18,72,quantile,0.55,167
2023-11-04,2,wk inc hosp,2023-11-18,72,quantile,0.6,170
2023-11-04,2,wk inc hosp,2023-11-18,72,quantile,0.65,173
2023-11-04,2,wk inc hosp,2023-11-18,72,quantile,0.7,176.40572005720054
2023-11-04,2,wk inc hosp,2023-11-18,72,quantile,0.75,180
2023-11-04,2,wk inc hosp,2023-11-18,72,quantile,0.8,184.45239452394523
2023-11-04,2,wk inc hosp,2023-11-18,72,quantile,0.85,190
2023-11-04,2,wk inc hosp,2023-11-18,72,quantile,0.9,197.79464694646947
2023-11-04,2,wk inc hosp,2023-11-18,72,quantile,0.95,211.76873118731186
2023-11-04,2,wk inc hosp,2023-11-18,72,quantile,0.975,223.7533005330053
2023-11-04,2,wk inc hosp,2023-11-18,72,quantile,0.99,236.2950568505681
2023-11-04,2,wk inc hosp,2023-11-18,US,quantile,0.01,0
2023-11-04,2,wk inc hosp,2023-11-18,US,quantile,0.025,0
2023-11-04,2,wk inc hosp,2023-11-18,US,quantile,0.05,0
2023-11-04,2,wk inc hosp,2023-11-18,US,quantile,0.1,0
2023-11-04,2,wk inc hosp,2023-11-18,US,quantile,0.15,312.7533295332952
2023-11-04,2,wk inc hosp,2023-11-18,US,quantile,0.2,921.8693386933893
2023-11-04,2,wk inc hosp,2023-11-18,US,quantile,0.25,1142.49703497035
2023-11-04,2,wk inc hosp,2023-11-18,US,quantile,0.3,1276.5076360763605
2023-11-04,2,wk inc hosp,2023-11-18,US,quantile,0.35,1379.092394923949
2023-11-04,2,wk inc hosp,2023-11-18,US,quantile,0.4,1463.3061690616912
2023-11-04,2,wk inc hosp,2023-11-18,US,quantile,0.45,1538.4584460844608
2023-11-04,2,wk inc hosp,2023-11-18,US,quantile,0.5,1610
2023-11-04,2,wk inc hosp,2023-11-18,US,quantile,0.55,1681.7683011830118
2023-11-04,2,wk inc hosp,2023-11-18,US,quantile,0.6,1756.421502215022
2023-11-04,2,wk inc hosp,2023-11-18,US,quantile,0.65,1845.8919939199395
2023-11-04,2,wk inc hosp,2023-11-18,US,quantile,0.7,1951.3971669716693
2023-11-04,2,wk inc hosp,2023-11-18,US,quantile,0.75,2089.8826638266337
2023-11-04,2,wk inc hosp,2023-11-18,US,quantile,0.8,2323.838714387144
2023-11-04,2,wk inc hosp,2023-11-18,US,quantile,0.85,3169.16507415074
2023-11-04,2,wk inc hosp,2023-11-18,US,quantile,0.9,3950.370014700148
2023-11-04,2,wk inc hosp,2023-11-18,US,quantile,0.95,6059.256162561605
2023-11-04,2,wk inc hosp,2023-11-18,US,quantile,0.975,8543.248481984827
2023-11-04,2,wk inc hosp,2023-11-18,US,quantile,0.99,9541.70169311694
2023-11-04,3,wk inc hosp,2023-11-25,01,quantile,0.01,0
2023-11-04,3,wk inc hosp,2023-11-25,01,quantile,0.025,0
2023-11-04,3,wk inc hosp,2023-11-25,01,quantile,0.05,0
2023-11-04,3,wk inc hosp,2023-11-25,01,quantile,0.1,0
2023-11-04,3,wk inc hosp,2023-11-25,01,quantile,0.15,0
2023-11-04,3,wk inc hosp,2023-11-25,01,quantile,0.2,6.416312163121632
2023-11-04,3,wk inc hosp,2023-11-25,01,quantile,0.25,12.688264382643833
2023-11-04,3,wk inc hosp,2023-11-25,01,quantile,0.3,17.604420044200438
2023-11-04,3,wk inc hosp,2023-11-25,01,quantile,0.35,21.817128171281695
2023-11-04,3,wk inc hosp,2023-11-25,01,quantile,0.4,25.230942309423085
2023-11-04,3,wk inc hosp,2023-11-25,01,quantile,0.45,29
2023-11-04,3,wk inc hosp,2023-11-25,01,quantile,0.5,32
2023-11-04,3,wk inc hosp,2023-11-25,01,quantile,0.55,35.484674846748455
2023-11-04,3,wk inc hosp,2023-11-25,01,quantile,0.6,39
2023-11-04,3,wk inc hosp,2023-11-25,01,quantile,0.65,43
2023-11-04,3,wk inc hosp,2023-11-25,01,quantile,0.7,47.12060520605203
2023-11-04,3,wk inc hosp,2023-11-25,01,quantile,0.75,52.29361043610436
2023-11-04,3,wk inc hosp,2023-11-25,01,quantile,0.8,59.65904659046588
2023-11-04,3,wk inc hosp,2023-11-25,01,quantile,0.85,71.62200072000714
2023-11-04,3,wk inc hosp,2023-11-25,01,quantile,0.9,95.66754167541691
2023-11-04,3,wk inc hosp,2023-11-25,01,quantile,0.95,136.95889458894587
2023-11-04,3,wk inc hosp,2023-11-25,01,quantile,0.975,157.58478684786857
2023-11-04,3,wk inc hosp,2023-11-25,01,quantile,0.99,177.60217762177618
2023-11-04,3,wk inc hosp,2023-11-25,02,quantile,0.01,0
2023-11-04,3,wk inc hosp,2023-11-25,02,quantile,0.025,1.7325818258182544
2023-11-04,3,wk inc hosp,2023-11-25,02,quantile,0.05,6.679468294682947
2023-11-04,3,wk inc hosp,2023-11-25,02,quantile,0.1,13.373203732037325
2023-11-04,3,wk inc hosp,2023-11-25,02,quantile,0.15,18
2023-11-04,3,wk inc hosp,2023-11-25,02,quantile,0.2,21.060448604486044
2023-11-04,3,wk inc hosp,2023-11-25,02,quantile,0.25,23.334425844258444
2023-11-04,3,wk inc hosp,2023-11-25,02,quantile,0.3,25
2023-11-04,3,wk inc hosp,2023-11-25,02,quantile,0.35,26.483778837788375
2023-11-04,3,wk inc hosp,2023-11-25,02,quantile,0.4,28
2023-11-04,3,wk inc hosp,2023-11-25,02,quantile,0.45,29
2023-11-04,3,wk inc hosp,2023-11-25,02,quantile,0.5,30
2023-11-04,3,wk inc hosp,2023-11-25,02,quantile,0.55,31
2023-11-04,3,wk inc hosp,2023-11-25,02,quantile,0.6,32
2023-11-04,3,wk inc hosp,2023-11-25,02,quantile,0.65,33.512207122071224
2023-11-04,3,wk inc hosp,2023-11-25,02,quantile,0.7,35
2023-11-04,3,wk inc hosp,2023-11-25,02,quantile,0.75,36.65661406614067
2023-11-04,3,wk inc hosp,2023-11-25,02,quantile,0.8,38.904645046450455
2023-11-04,3,wk inc hosp,2023-11-25,02,quantile,0.85,42
2023-11-04,3,wk inc hosp,2023-11-25,02,quantile,0.9,46.58836488364885
2023-11-04,3,wk inc hosp,2023-11-25,02,quantile,0.95,53.31179261792615
2023-11-04,3,wk inc hosp,2023-11-25,02,quantile,0.975,58.43929489294882
2023-11-04,3,wk inc hosp,2023-11-25,02,quantile,0.99,65.16693026930265
2023-11-04,3,wk inc hosp,2023-11-25,04,quantile,0.01,0
2023-11-04,3,wk inc hosp,2023-11-25,04,quantile,0.025,0
2023-11-04,3,wk inc hosp,2023-11-25,04,quantile,0.05,0
2023-11-04,3,wk inc hosp,2023-11-25,04,quantile,0.1,0
2023-11-04,3,wk inc hosp,2023-11-25,04,quantile,0.15,0
2023-11-04,3,wk inc hosp,2023-11-25,04,quantile,0.2,0.5510855108551027
2023-11-04,3,wk inc hosp,2023-11-25,04,quantile,0.25,12.446351963519625
2023-11-04,3,wk inc hosp,2023-11-25,04,quantile,0.3,21.803838038380377
2023-11-04,3,wk inc hosp,2023-11-25,04,quantile,0.35,29.574870748707465
2023-11-04,3,wk inc hosp,2023-11-25,04,quantile,0.4,36.5510855108551
2023-11-04,3,wk inc hosp,2023-11-25,04,quantile,0.45,42.83690986909869
2023-11-04,3,wk inc hosp,2023-11-25,04,quantile,0.5,49
2023-11-04,3,wk inc hosp,2023-11-25,04,quantile,0.55,55.29254892548926
2023-11-04,3,wk inc hosp,2023-11-25,04,quantile,0.6,61.70137501375014
2023-11-04,3,wk inc hosp,2023-11-25,04,quantile,0.65,68.96832368323683
2023-11-04,3,wk inc hosp,2023-11-25,04,quantile,0.7,77.5510855108551
2023-11-04,3,wk inc hosp,2023-11-25,04,quantile,0.75,88.44851948519482
2023-11-04,3,wk inc hosp,2023-11-25,04,quantile,0.8,103.5510855108551
2023-11-04,3,wk inc hosp,2023-11-25,04,quantile,0.85,128.16137561375615
2023-11-04,3,wk inc hosp,2023-11-25,04,quantile,0.9,193.62641126411282
2023-11-04,3,wk inc hosp,2023-11-25,04,quantile,0.95,276.54863698636973
2023-11-04,3,wk inc hosp,2023-11-25,04,quantile,0.975,313.2093765937659
2023-11-04,3,wk inc hosp,2023-11-25,04,quantile,0.99,356.16623266232665
2023-11-04,3,wk inc hosp,2023-11-25,05,quantile,0.01,0
2023-11-04,3,wk inc hosp,2023-11-25,05,quantile,0.025,0
2023-11-04,3,wk inc hosp,2023-11-25,05,quantile,0.05,0
2023-11-04,3,wk inc hosp,2023-11-25,05,quantile,0.1,0
2023-11-04,3,wk inc hosp,2023-11-25,05,quantile,0.15,0
2023-11-04,3,wk inc hosp,2023-11-25,05,quantile,0.2,0
2023-11-04,3,wk inc hosp,2023-11-25,05,quantile,0.25,0
2023-11-04,3,wk inc hosp,2023-11-25,05,quantile,0.3,0
2023-11-04,3,wk inc hosp,2023-11-25,05,quantile,0.35,3.3398528985289673
2023-11-04,3,wk inc hosp,2023-11-25,05,quantile,0.4,6.87333073330734
2023-11-04,3,wk inc hosp,2023-11-25,05,quantile,0.45,10
2023-11-04,3,wk inc hosp,2023-11-25,05,quantile,0.5,13
2023-11-04,3,wk inc hosp,2023-11-25,05,quantile,0.55,16
2023-11-04,3,wk inc hosp,2023-11-25,05,quantile,0.6,19.185489854898545
2023-11-04,3,wk inc hosp,2023-11-25,05,quantile,0.65,23
2023-11-04,3,wk inc hosp,2023-11-25,05,quantile,0.7,27.188182881828816
2023-11-04,3,wk inc hosp,2023-11-25,05,quantile,0.75,32.81668566685664
2023-11-04,3,wk inc hosp,2023-11-25,05,quantile,0.8,41.03188631886323
2023-11-04,3,wk inc hosp,2023-11-25,05,quantile,0.85,53.42182521825218
2023-11-04,3,wk inc hosp,2023-11-25,05,quantile,0.9,69.4001850018501
2023-11-04,3,wk inc hosp,2023-11-25,05,quantile,0.95,98.89734047340455
2023-11-04,3,wk inc hosp,2023-11-25,05,quantile,0.975,132.947431224312
2023-11-04,3,wk inc hosp,2023-11-25,05,quantile,0.99,176.66748087480846
2023-11-04,3,wk inc hosp,2023-11-25,06,quantile,0.01,0
2023-11-04,3,wk inc hosp,2023-11-25,06,quantile,0.025,0
2023-11-04,3,wk inc hosp,2023-11-25,06,quantile,0.05,0
2023-11-04,3,wk inc hosp,2023-11-25,06,quantile,0.1,0
2023-11-04,3,wk inc hosp,2023-11-25,06,quantile,0.15,0
2023-11-04,3,wk inc hosp,2023-11-25,06,quantile,0.2,0
2023-11-04,3,wk inc hosp,2023-11-25,06,quantile,0.25,12.053298032980353
2023-11-04,3,wk inc hosp,2023-11-25,06,quantile,0.3,29.68926289262886
2023-11-04,3,wk inc hosp,2023-11-25,06,quantile,0.35,43.717886678866805
2023-11-04,3,wk inc hosp,2023-11-25,06,quantile,0.4,55.72283622836231
2023-11-04,3,wk inc hosp,2023-11-25,06,quantile,0.45,66.11232512325127
2023-11-04,3,wk inc hosp,2023-11-25,06,quantile,0.5,76
2023-11-04,3,wk inc hosp,2023-11-25,06,quantile,0.55,86.02859978599783
2023-11-04,3,wk inc hosp,2023-11-25,06,quantile,0.6,96.81483914839146
2023-11-04,3,wk inc hosp,2023-11-25,06,quantile,0.65,109.49802698026984
2023-11-04,3,wk inc hosp,2023-11-25,06,quantile,0.7,125.13155531555313
2023-11-04,3,wk inc hosp,2023-11-25,06,quantile,0.75,147.46949219492197
2023-11-04,3,wk inc hosp,2023-11-25,06,quantile,0.8,185.7517565175654
2023-11-04,3,wk inc hosp,2023-11-25,06,quantile,0.85,301.1937969379691
2023-11-04,3,wk inc hosp,2023-11-25,06,quantile,0.9,567.1347663476637
2023-11-04,3,wk inc hosp,2023-11-25,06,quantile,0.95,764.6485879858782
2023-11-04,3,wk inc hosp,2023-11-25,06,quantile,0.975,897.8449686996883
2023-11-04,3,wk inc hosp,2023-11-25,06,quantile,0.99,1119.9417451174575
2023-11-04,3,wk inc hosp,2023-11-25,08,quantile,0.01,0
2023-11-04,3,wk inc hosp,2023-11-25,08,quantile,0.025,0
2023-11-04,3,wk inc hosp,2023-11-25,08,quantile,0.05,0
2023-11-04,3,wk inc hosp,2023-11-25,08,quantile,0.1,0
2023-11-04,3,wk inc hosp,2023-11-25,08,quantile,0.15,0
2023-11-04,3,wk inc hosp,2023-11-25,08,quantile,0.2,0
2023-11-04,3,wk inc hosp,2023-11-25,08,quantile,0.25,0
2023-11-04,3,wk inc hosp,2023-11-25,08,quantile,0.3,1.8158881588815905
2023-11-04,3,wk inc hosp,2023-11-25,08,quantile,0.35,6.546165461654617
2023-11-04,3,wk inc hosp,2023-11-25,08,quantile,0.4,11
2023-11-04,3,wk inc hosp,2023-11-25,08,quantile,0.45,15
2023-11-04,3,wk inc hosp,2023-11-25,08,quantile,0.5,19
2023-11-04,3,wk inc hosp,2023-11-25,08,quantile,0.55,23
2023-11-04,3,wk inc hosp,2023-11-25,08,quantile,0.6,27.243998439984416
2023-11-04,3,wk inc hosp,2023-11-25,08,quantile,0.65,32.16321163211632
2023-11-04,3,wk inc hosp,2023-11-25,08,quantile,0.7,38
2023-11-04,3,wk inc hosp,2023-11-25,08,quantile,0.75,45.2853053530535
2023-11-04,3,wk inc hosp,2023-11-25,08,quantile,0.8,54.6567225672257
2023-11-04,3,wk inc hosp,2023-11-25,08,quantile,0.85,66.71798717987178
2023-11-04,3,wk inc hosp,2023-11-25,08,quantile,0.9,83.49366993669935
2023-11-04,3,wk inc hosp,2023-11-25,08,quantile,0.95,108.62574725747227
2023-11-04,3,wk inc hosp,2023-11-25,08,quantile,0.975,132.90633606336047
2023-11-04,3,wk inc hosp,2023-11-25,08,quantile,0.99,162.93863038630377
2023-11-04,3,wk inc hosp,2023-11-25,09,quantile,0.01,0
2023-11-04,3,wk inc hosp,2023-11-25,09,quantile,0.025,0
2023-11-04,3,wk inc hosp,2023-11-25,09,quantile,0.05,0
2023-11-04,3,wk inc hosp,2023-11-25,09,quantile,0.1,0
2023-11-04,3,wk inc hosp,2023-11-25,09,quantile,0.15,0
2023-11-04,3,wk inc hosp,2023-11-25,09,quantile,0.2,0
2023-11-04,3,wk inc hosp,2023-11-25,09,quantile,0.25,0
2023-11-04,3,wk inc hosp,2023-11-25,09,quantile,0.3,0
2023-11-04,3,wk inc hosp,2023-11-25,09,quantile,0.35,0
2023-11-04,3,wk inc hosp,2023-11-25,09,quantile,0.4,2.495034950349507
2023-11-04,3,wk inc hosp,2023-11-25,09,quantile,0.45,5
2023-11-04,3,wk inc hosp,2023-11-25,09,quantile,0.5,7
2023-11-04,3,wk inc hosp,2023-11-25,09,quantile,0.55,9
2023-11-04,3,wk inc hosp,2023-11-25,09,quantile,0.6,11.944767447674469
2023-11-04,3,wk inc hosp,2023-11-25,09,quantile,0.65,14.502692026920307
2023-11-04,3,wk inc hosp,2023-11-25,09,quantile,0.7,18
2023-11-04,3,wk inc hosp,2023-11-25,09,quantile,0.75,22.525840258402553
2023-11-04,3,wk inc hosp,2023-11-25,09,quantile,0.8,28.939899398994008
2023-11-04,3,wk inc hosp,2023-11-25,09,quantile,0.85,38.9464134641346
2023-11-04,3,wk inc hosp,2023-11-25,09,quantile,0.9,58.24586745867459
2023-11-04,3,wk inc hosp,2023-11-25,09,quantile,0.95,94.19227842278416
2023-11-04,3,wk inc hosp,2023-11-25,09,quantile,0.975,127.47383473834581
2023-11-04,3,wk inc hosp,2023-11-25,09,quantile,0.99,195.31823348233644
2023-11-04,3,wk inc hosp,2023-11-25,10,quantile,0.01,0
2023-11-04,3,wk inc hosp,2023-11-25,10,quantile,0.025,0
2023-11-04,3,wk inc hosp,2023-11-25,10,quantile,0.05,0
2023-11-04,3,wk inc hosp,2023-11-25,10,quantile,0.1,0
2023-11-04,3,wk inc hosp,2023-11-25,10,quantile,0.15,0
2023-11-04,3,wk inc hosp,2023-11-25,10,quantile,0.2,0
2023-11-04,3,wk inc hosp,2023-11-25,10,quantile,0.25,0
2023-11-04,3,wk inc hosp,2023-11-25,10,quantile,0.3,0
2023-11-04,3,wk inc hosp,2023-11-25,10,quantile,0.35,0
2023-11-04,3,wk inc hosp,2023-11-25,10,quantile,0.4,0
2023-11-04,3,wk inc hosp,2023-11-25,10,quantile,0.45,0
2023-11-04,3,wk inc hosp,2023-11-25,10,quantile,0.5,1
2023-11-04,3,wk inc hosp,2023-11-25,10,quantile,0.55,1.8564720647206534
2023-11-04,3,wk inc hosp,2023-11-25,10,quantile,0.6,2.5708497084970707
2023-11-04,3,wk inc hosp,2023-11-25,10,quantile,0.65,3.7672301723017187
2023-11-04,3,wk inc hosp,2023-11-25,10,quantile,0.7,5
2023-11-04,3,wk inc hosp,2023-11-25,10,quantile,0.75,6
2023-11-04,3,wk inc hosp,2023-11-25,10,quantile,0.8,8.155127551275529
2023-11-04,3,wk inc hosp,2023-11-25,10,quantile,0.85,11.9121901219012
2023-11-04,3,wk inc hosp,2023-11-25,10,quantile,0.9,20.561912619126154
2023-11-04,3,wk inc hosp,2023-11-25,10,quantile,0.95,37.490774907749106
2023-11-04,3,wk inc hosp,2023-11-25,10,quantile,0.975,46.87273422734205
2023-11-04,3,wk inc hosp,2023-11-25,10,quantile,0.99,55.135075850758426
2023-11-04,3,wk inc hosp,2023-11-25,11,quantile,0.01,0
2023-11-04,3,wk inc hosp,2023-11-25,11,quantile,0.025,0
2023-11-04,3,wk inc hosp,2023-11-25,11,quantile,0.05,0
2023-11-04,3,wk inc hosp,2023-11-25,11,quantile,0.1,0
2023-11-04,3,wk inc hosp,2023-11-25,11,quantile,0.15,0
2023-11-04,3,wk inc hosp,2023-11-25,11,quantile,0.2,0
2023-11-04,3,wk inc hosp,2023-11-25,11,quantile,0.25,0
2023-11-04,3,wk inc hosp,2023-11-25,11,quantile,0.3,0
2023-11-04,3,wk inc hosp,2023-11-25,11,quantile,0.35,0
2023-11-04,3,wk inc hosp,2023-11-25,11,quantile,0.4,0
2023-11-04,3,wk inc hosp,2023-11-25,11,quantile,0.45,1
2023-11-04,3,wk inc hosp,2023-11-25,11,quantile,0.5,1
2023-11-04,3,wk inc hosp,2023-11-25,11,quantile,0.55,2
2023-11-04,3,wk inc hosp,2023-11-25,11,quantile,0.6,3
2023-11-04,3,wk inc hosp,2023-11-25,11,quantile,0.65,3
2023-11-04,3,wk inc hosp,2023-11-25,11,quantile,0.7,4
2023-11-04,3,wk inc hosp,2023-11-25,11,quantile,0.75,5
2023-11-04,3,wk inc hosp,2023-11-25,11,quantile,0.8,7
2023-11-04,3,wk inc hosp,2023-11-25,11,quantile,0.85,9.543039930399337
2023-11-04,3,wk inc hosp,2023-11-25,11,quantile,0.9,13.228882288822888
2023-11-04,3,wk inc hosp,2023-11-25,11,quantile,0.95,20.043962939629388
2023-11-04,3,wk inc hosp,2023-11-25,11,quantile,0.975,23.990599155991607
2023-11-04,3,wk inc hosp,2023-11-25,11,quantile,0.99,28
2023-11-04,3,wk inc hosp,2023-11-25,12,quantile,0.01,0
2023-11-04,3,wk inc hosp,2023-11-25,12,quantile,0.025,4.138087380873814
2023-11-04,3,wk inc hosp,2023-11-25,12,quantile,0.05,72.76904419044189
2023-11-04,3,wk inc hosp,2023-11-25,12,quantile,0.1,134.29469294692947
2023-11-04,3,wk inc hosp,2023-11-25,12,quantile,0.15,172.96048760487605
2023-11-04,3,wk inc hosp,2023-11-25,12,quantile,0.2,204.7366273662738
2023-11-04,3,wk inc hosp,2023-11-25,12,quantile,0.25,230.2210947109471
2023-11-04,3,wk inc hosp,2023-11-25,12,quantile,0.3,251.40146601466012
2023-11-04,3,wk inc hosp,2023-11-25,12,quantile,0.35,269.38978989789894
2023-11-04,3,wk inc hosp,2023-11-25,12,quantile,0.4,285.1653916539165
2023-11-04,3,wk inc hosp,2023-11-25,12,quantile,0.45,299.508989589896
2023-11-04,3,wk inc hosp,2023-11-25,12,quantile,0.5,313
2023-11-04,3,wk inc hosp,2023-11-25,12,quantile,0.55,326.7825748257482
2023-11-04,3,wk inc hosp,2023-11-25,12,quantile,0.6,340.9510695106951
2023-11-04,3,wk inc hosp,2023-11-25,12,quantile,0.65,356.38405534055346
2023-11-04,3,wk inc hosp,2023-11-25,12,quantile,0.7,374.5450574505746
2023-11-04,3,wk inc hosp,2023-11-25,12,quantile,0.75,395.49081740817405
2023-11-04,3,wk inc hosp,2023-11-25,12,quantile,0.8,421.9774157741578
2023-11-04,3,wk inc hosp,2023-11-25,12,quantile,0.85,453.3988809888098
2023-11-04,3,wk inc hosp,2023-11-25,12,quantile,0.9,492.1009270092701
2023-11-04,3,wk inc hosp,2023-11-25,12,quantile,0.95,553.5905529055285
2023-11-04,3,wk inc hosp,2023-11-25,12,quantile,0.975,628.2450237002366
2023-11-04,3,wk inc hosp,2023-11-25,12,quantile,0.99,746.4223564235665
2023-11-04,3,wk inc hosp,2023-11-25,13,quantile,0.01,0
2023-11-04,3,wk inc hosp,2023-11-25,13,quantile,0.025,0
2023-11-04,3,wk inc hosp,2023-11-25,13,quantile,0.05,0
2023-11-04,3,wk inc hosp,2023-11-25,13,quantile,0.1,0
2023-11-04,3,wk inc hosp,2023-11-25,13,quantile,0.15,6.494416444164444
2023-11-04,3,wk inc hosp,2023-11-25,13,quantile,0.2,13.339777397773979
2023-11-04,3,wk inc hosp,2023-11-25,13,quantile,0.25,19
2023-11-04,3,wk inc hosp,2023-11-25,13,quantile,0.3,23.97319573195729
2023-11-04,3,wk inc hosp,2023-11-25,13,quantile,0.35,28
2023-11-04,3,wk inc hosp,2023-11-25,13,quantile,0.4,32.23618036180361
2023-11-04,3,wk inc hosp,2023-11-25,13,quantile,0.45,36.11537615376153
2023-11-04,3,wk inc hosp,2023-11-25,13,quantile,0.5,40
2023-11-04,3,wk inc hosp,2023-11-25,13,quantile,0.55,44
2023-11-04,3,wk inc hosp,2023-11-25,13,quantile,0.6,47.90374503745038
2023-11-04,3,wk inc hosp,2023-11-25,13,quantile,0.65,52
2023-11-04,3,wk inc hosp,2023-11-25,13,quantile,0.7,56.44864948649486
2023-11-04,3,wk inc hosp,2023-11-25,13,quantile,0.75,61.452734527345285
2023-11-04,3,wk inc hosp,2023-11-25,13,quantile,0.8,67
2023-11-04,3,wk inc hosp,2023-11-25,13,quantile,0.85,74.35190201902019
2023-11-04,3,wk inc hosp,2023-11-25,13,quantile,0.9,84.63428134281344
2023-11-04,3,wk inc hosp,2023-11-25,13,quantile,0.95,103.09674046740471
2023-11-04,3,wk inc hosp,2023-11-25,13,quantile,0.975,121.50395603956046
2023-11-04,3,wk inc hosp,2023-11-25,13,quantile,0.99,140.67817018170146
2023-11-04,3,wk inc hosp,2023-11-25,15,quantile,0.01,0
2023-11-04,3,wk inc hosp,2023-11-25,15,quantile,0.025,0
2023-11-04,3,wk inc hosp,2023-11-25,15,quantile,0.05,0.9177186771867745
2023-11-04,3,wk inc hosp,2023-11-25,15,quantile,0.1,4.233443334433346
2023-11-04,3,wk inc hosp,2023-11-25,15,quantile,0.15,6.328133281332814
2023-11-04,3,wk inc hosp,2023-11-25,15,quantile,0.2,8
2023-11-04,3,wk inc hosp,2023-11-25,15,quantile,0.25,9
2023-11-04,3,wk inc hosp,2023-11-25,15,quantile,0.3,10
2023-11-04,3,wk inc hosp,2023-11-25,15,quantile,0.35,11
2023-11-04,3,wk inc hosp,2023-11-25,15,quantile,0.4,11.776077760777607
2023-11-04,3,wk inc hosp,2023-11-25,15,quantile,0.45,12
2023-11-04,3,wk inc hosp,2023-11-25,15,quantile,0.5,13
2023-11-04,3,wk inc hosp,2023-11-25,15,quantile,0.55,14
2023-11-04,3,wk inc hosp,2023-11-25,15,quantile,0.6,14.380105801058008
2023-11-04,3,wk inc hosp,2023-11-25,15,quantile,0.65,15
2023-11-04,3,wk inc hosp,2023-11-25,15,quantile,0.7,16
2023-11-04,3,wk inc hosp,2023-11-25,15,quantile,0.75,17
2023-11-04,3,wk inc hosp,2023-11-25,15,quantile,0.8,18
2023-11-04,3,wk inc hosp,2023-11-25,15,quantile,0.85,19.724379243792423
2023-11-04,3,wk inc hosp,2023-11-25,15,quantile,0.9,21.7728587285873
2023-11-04,3,wk inc hosp,2023-11-25,15,quantile,0.95,25.50376753767535
2023-11-04,3,wk inc hosp,2023-11-25,15,quantile,0.975,29.53237657376577
2023-11-04,3,wk inc hosp,2023-11-25,15,quantile,0.99,34.37639546395463
2023-11-04,3,wk inc hosp,2023-11-25,16,quantile,0.01,0
2023-11-04,3,wk inc hosp,2023-11-25,16,quantile,0.025,0
2023-11-04,3,wk inc hosp,2023-11-25,16,quantile,0.05,0
2023-11-04,3,wk inc hosp,2023-11-25,16,quantile,0.1,0
2023-11-04,3,wk inc hosp,2023-11-25,16,quantile,0.15,0
2023-11-04,3,wk inc hosp,2023-11-25,16,quantile,0.2,0
2023-11-04,3,wk inc hosp,2023-11-25,16,quantile,0.25,0
2023-11-04,3,wk inc hosp,2023-11-25,16,quantile,0.3,0
2023-11-04,3,wk inc hosp,2023-11-25,16,quantile,0.35,0.7175871758717207
2023-11-04,3,wk inc hosp,2023-11-25,16,quantile,0.4,1.7175871758717207
2023-11-04,3,wk inc hosp,2023-11-25,16,quantile,0.45,2.7175871758717207
2023-11-04,3,wk inc hosp,2023-11-25,16,quantile,0.5,4
2023-11-04,3,wk inc hosp,2023-11-25,16,quantile,0.55,5.6077215772157345
2023-11-04,3,wk inc hosp,2023-11-25,16,quantile,0.6,6.717587175871721
2023-11-04,3,wk inc hosp,2023-11-25,16,quantile,0.65,7.717587175871721
2023-11-04,3,wk inc hosp,2023-11-25,16,quantile,0.7,9.71758717587172
2023-11-04,3,wk inc hosp,2023-11-25,16,quantile,0.75,12.137676376763725
2023-11-04,3,wk inc hosp,2023-11-25,16,quantile,0.8,15.71758717587172
2023-11-04,3,wk inc hosp,2023-11-25,16,quantile,0.85,22.360570105701047
2023-11-04,3,wk inc hosp,2023-11-25,16,quantile,0.9,52.647081470814676
2023-11-04,3,wk inc hosp,2023-11-25,16,quantile,0.95,85.74034590345899
2023-11-04,3,wk inc hosp,2023-11-25,16,quantile,0.975,100.92686951869503
2023-11-04,3,wk inc hosp,2023-11-25,16,quantile,0.99,114.12856328563296
2023-11-04,3,wk inc hosp,2023-11-25,17,quantile,0.01,0
2023-11-04,3,wk inc hosp,2023-11-25,17,quantile,0.025,0
2023-11-04,3,wk inc hosp,2023-11-25,17,quantile,0.05,0
2023-11-04,3,wk inc hosp,2023-11-25,17,quantile,0.1,0
2023-11-04,3,wk inc hosp,2023-11-25,17,quantile,0.15,0
2023-11-04,3,wk inc hosp,2023-11-25,17,quantile,0.2,0
2023-11-04,3,wk inc hosp,2023-11-25,17,quantile,0.25,0
2023-11-04,3,wk inc hosp,2023-11-25,17,quantile,0.3,1.2015340153401466
2023-11-04,3,wk inc hosp,2023-11-25,17,quantile,0.35,7
2023-11-04,3,wk inc hosp,2023-11-25,17,quantile,0.4,12
2023-11-04,3,wk inc hosp,2023-11-25,17,quantile,0.45,16.711540615406154
2023-11-04,3,wk inc hosp,2023-11-25,17,quantile,0.5,21
2023-11-04,3,wk inc hosp,2023-11-25,17,quantile,0.55,25.888540885408865
2023-11-04,3,wk inc hosp,2023-11-25,17,quantile,0.6,31
2023-11-04,3,wk inc hosp,2023-11-25,17,quantile,0.65,36.95244102441026
2023-11-04,3,wk inc hosp,2023-11-25,17,quantile,0.7,44.448485484854814
2023-11-04,3,wk inc hosp,2023-11-25,17,quantile,0.75,55.55699056990573
2023-11-04,3,wk inc hosp,2023-11-25,17,quantile,0.8,75.75203752037523
2023-11-04,3,wk inc hosp,2023-11-25,17,quantile,0.85,119.51406014060183
2023-11-04,3,wk inc hosp,2023-11-25,17,quantile,0.9,168.6742737427375
2023-11-04,3,wk inc hosp,2023-11-25,17,quantile,0.95,268.9846883468824
2023-11-04,3,wk inc hosp,2023-11-25,17,quantile,0.975,323.1696306963081
2023-11-04,3,wk inc hosp,2023-11-25,17,quantile,0.99,422.1389349893501
2023-11-04,3,wk inc hosp,2023-11-25,18,quantile,0.01,0
2023-11-04,3,wk inc hosp,2023-11-25,18,quantile,0.025,0
2023-11-04,3,wk inc hosp,2023-11-25,18,quantile,0.05,0
2023-11-04,3,wk inc hosp,2023-11-25,18,quantile,0.1,0
2023-11-04,3,wk inc hosp,2023-11-25,18,quantile,0.15,0
2023-11-04,3,wk inc hosp,2023-11-25,18,quantile,0.2,0
2023-11-04,3,wk inc hosp,2023-11-25,18,quantile,0.25,6.733709837098353
2023-11-04,3,wk inc hosp,2023-11-25,18,quantile,0.3,13.431804318043163
2023-11-04,3,wk inc hosp,2023-11-25,18,quantile,0.35,18.92174821748217
2023-11-04,3,wk inc hosp,2023-11-25,18,quantile,0.4,23.819918199181984
2023-11-04,3,wk inc hosp,2023-11-25,18,quantile,0.45,28.431804318043163
2023-11-04,3,wk inc hosp,2023-11-25,18,quantile,0.5,33
2023-11-04,3,wk inc hosp,2023-11-25,18,quantile,0.55,37.43180431804316
2023-11-04,3,wk inc hosp,2023-11-25,18,quantile,0.6,42.29843898438983
2023-11-04,3,wk inc hosp,2023-11-25,18,quantile,0.65,47.43180431804316
2023-11-04,3,wk inc hosp,2023-11-25,18,quantile,0.7,53.68030180301802
2023-11-04,3,wk inc hosp,2023-11-25,18,quantile,0.75,61.91419164191642
2023-11-04,3,wk inc hosp,2023-11-25,18,quantile,0.8,73.63689436894374
2023-11-04,3,wk inc hosp,2023-11-25,18,quantile,0.85,91.44015090150899
2023-11-04,3,wk inc hosp,2023-11-25,18,quantile,0.9,130.40556805568067
2023-11-04,3,wk inc hosp,2023-11-25,18,quantile,0.95,226.0359368593684
2023-11-04,3,wk inc hosp,2023-11-25,18,quantile,0.975,269.37742152421504
2023-11-04,3,wk inc hosp,2023-11-25,18,quantile,0.99,350.2292363923632
2023-11-04,3,wk inc hosp,2023-11-25,19,quantile,0.01,0
2023-11-04,3,wk inc hosp,2023-11-25,19,quantile,0.025,0
2023-11-04,3,wk inc hosp,2023-11-25,19,quantile,0.05,0
2023-11-04,3,wk inc hosp,2023-11-25,19,quantile,0.1,0
2023-11-04,3,wk inc hosp,2023-11-25,19,quantile,0.15,0
2023-11-04,3,wk inc hosp,2023-11-25,19,quantile,0.2,0
2023-11-04,3,wk inc hosp,2023-11-25,19,quantile,0.25,0
2023-11-04,3,wk inc hosp,2023-11-25,19,quantile,0.3,0
2023-11-04,3,wk inc hosp,2023-11-25,19,quantile,0.35,0
2023-11-04,3,wk inc hosp,2023-11-25,19,quantile,0.4,1.1054510545105458
2023-11-04,3,wk inc hosp,2023-11-25,19,quantile,0.45,2.105451054510546
2023-11-04,3,wk inc hosp,2023-11-25,19,quantile,0.5,4
2023-11-04,3,wk inc hosp,2023-11-25,19,quantile,0.55,5.105451054510546
2023-11-04,3,wk inc hosp,2023-11-25,19,quantile,0.6,6.620496204962047
2023-11-04,3,wk inc hosp,2023-11-25,19,quantile,0.65,8.105451054510546
2023-11-04,3,wk inc hosp,2023-11-25,19,quantile,0.7,10.105451054510546
2023-11-04,3,wk inc hosp,2023-11-25,19,quantile,0.75,13.054393043930446
2023-11-04,3,wk inc hosp,2023-11-25,19,quantile,0.8,16.870378703787075
2023-11-04,3,wk inc hosp,2023-11-25,19,quantile,0.85,25.40605956059565
2023-11-04,3,wk inc hosp,2023-11-25,19,quantile,0.9,48.852389523895326
2023-11-04,3,wk inc hosp,2023-11-25,19,quantile,0.95,100.52586575865756
2023-11-04,3,wk inc hosp,2023-11-25,19,quantile,0.975,112.36574890748896
2023-11-04,3,wk inc hosp,2023-11-25,19,quantile,0.99,125.61131721317211
2023-11-04,3,wk inc hosp,2023-11-25,20,quantile,0.01,0
2023-11-04,3,wk inc hosp,2023-11-25,20,quantile,0.025,0
2023-11-04,3,wk inc hosp,2023-11-25,20,quantile,0.05,0
2023-11-04,3,wk inc hosp,2023-11-25,20,quantile,0.1,0
2023-11-04,3,wk inc hosp,2023-11-25,20,quantile,0.15,0
2023-11-04,3,wk inc hosp,2023-11-25,20,quantile,0.2,0
2023-11-04,3,wk inc hosp,2023-11-25,20,quantile,0.25,0
2023-11-04,3,wk inc hosp,2023-11-25,20,quantile,0.3,0
2023-11-04,3,wk inc hosp,2023-11-25,20,quantile,0.35,0
2023-11-04,3,wk inc hosp,2023-11-25,20,quantile,0.4,1
2023-11-04,3,wk inc hosp,2023-11-25,20,quantile,0.45,3
2023-11-04,3,wk inc hosp,2023-11-25,20,quantile,0.5,5
2023-11-04,3,wk inc hosp,2023-11-25,20,quantile,0.55,7
2023-11-04,3,wk inc hosp,2023-11-25,20,quantile,0.6,9.078852788527882
2023-11-04,3,wk inc hosp,2023-11-25,20,quantile,0.65,11.971604216042168
2023-11-04,3,wk inc hosp,2023-11-25,20,quantile,0.7,14.49588395883958
2023-11-04,3,wk inc hosp,2023-11-25,20,quantile,0.75,17.625158751587527
2023-11-04,3,wk inc hosp,2023-11-25,20,quantile,0.8,21.578387783877837
2023-11-04,3,wk inc hosp,2023-11-25,20,quantile,0.85,27.846400464004645
2023-11-04,3,wk inc hosp,2023-11-25,20,quantile,0.9,41.77980379803801
2023-11-04,3,wk inc hosp,2023-11-25,20,quantile,0.95,70.26130911309099
2023-11-04,3,wk inc hosp,2023-11-25,20,quantile,0.975,95.00409529095224
2023-11-04,3,wk inc hosp,2023-11-25,20,quantile,0.99,128.8909658096577
2023-11-04,3,wk inc hosp,2023-11-25,21,quantile,0.01,0
2023-11-04,3,wk inc hosp,2023-11-25,21,quantile,0.025,0
2023-11-04,3,wk inc hosp,2023-11-25,21,quantile,0.05,0
2023-11-04,3,wk inc hosp,2023-11-25,21,quantile,0.1,0
2023-11-04,3,wk inc hosp,2023-11-25,21,quantile,0.15,0
2023-11-04,3,wk inc hosp,2023-11-25,21,quantile,0.2,0
2023-11-04,3,wk inc hosp,2023-11-25,21,quantile,0.25,1.7665776657766648
2023-11-04,3,wk inc hosp,2023-11-25,21,quantile,0.3,7.476379763797645
2023-11-04,3,wk inc hosp,2023-11-25,21,quantile,0.35,11.907170571705707
2023-11-04,3,wk inc hosp,2023-11-25,21,quantile,0.4,15.76538865388654
2023-11-04,3,wk inc hosp,2023-11-25,21,quantile,0.45,19.476379763797645
2023-11-04,3,wk inc hosp,2023-11-25,21,quantile,0.5,23
2023-11-04,3,wk inc hosp,2023-11-25,21,quantile,0.55,26.476379763797645
2023-11-04,3,wk inc hosp,2023-11-25,21,quantile,0.6,30.476379763797645
2023-11-04,3,wk inc hosp,2023-11-25,21,quantile,0.65,34.644688946889474
2023-11-04,3,wk inc hosp,2023-11-25,21,quantile,0.7,40.1716407164071
2023-11-04,3,wk inc hosp,2023-11-25,21,quantile,0.75,47.72344223442235
2023-11-04,3,wk inc hosp,2023-11-25,21,quantile,0.8,61.68426184261841
2023-11-04,3,wk inc hosp,2023-11-25,21,quantile,0.85,85.28557685576828
2023-11-04,3,wk inc hosp,2023-11-25,21,quantile,0.9,129.31516715167132
2023-11-04,3,wk inc hosp,2023-11-25,21,quantile,0.95,214.78478334783375
2023-11-04,3,wk inc hosp,2023-11-25,21,quantile,0.975,288.8899871498707
2023-11-04,3,wk inc hosp,2023-11-25,21,quantile,0.99,337.44071890718874
2023-11-04,3,wk inc hosp,2023-11-25,22,quantile,0.01,0
2023-11-04,3,wk inc hosp,2023-11-25,22,quantile,0.025,0
2023-11-04,3,wk inc hosp,2023-11-25,22,quantile,0.05,0
2023-11-04,3,wk inc hosp,2023-11-25,22,quantile,0.1,5
2023-11-04,3,wk inc hosp,2023-11-25,22,quantile,0.15,16.211440114401142
2023-11-04,3,wk inc hosp,2023-11-25,22,quantile,0.2,23.457130571305726
2023-11-04,3,wk inc hosp,2023-11-25,22,quantile,0.25,28.80988059880599
2023-11-04,3,wk inc hosp,2023-11-25,22,quantile,0.3,33
2023-11-04,3,wk inc hosp,2023-11-25,22,quantile,0.35,36.5960719607196
2023-11-04,3,wk inc hosp,2023-11-25,22,quantile,0.4,40
2023-11-04,3,wk inc hosp,2023-11-25,22,quantile,0.45,43
2023-11-04,3,wk inc hosp,2023-11-25,22,quantile,0.5,46
2023-11-04,3,wk inc hosp,2023-11-25,22,quantile,0.55,49
2023-11-04,3,wk inc hosp,2023-11-25,22,quantile,0.6,52
2023-11-04,3,wk inc hosp,2023-11-25,22,quantile,0.65,55.49536995369957
2023-11-04,3,wk inc hosp,2023-11-25,22,quantile,0.7,59.08051880518802
2023-11-04,3,wk inc hosp,2023-11-25,22,quantile,0.75,63.565728157281555
2023-11-04,3,wk inc hosp,2023-11-25,22,quantile,0.8,68.92513725137255
2023-11-04,3,wk inc hosp,2023-11-25,22,quantile,0.85,76.32372523725239
2023-11-04,3,wk inc hosp,2023-11-25,22,quantile,0.9,89.41090610906122
2023-11-04,3,wk inc hosp,2023-11-25,22,quantile,0.95,120.28202682026867
2023-11-04,3,wk inc hosp,2023-11-25,22,quantile,0.975,141.91686416864246
2023-11-04,3,wk inc hosp,2023-11-25,22,quantile,0.99,166.87124411244076
2023-11-04,3,wk inc hosp,2023-11-25,23,quantile,0.01,0
2023-11-04,3,wk inc hosp,2023-11-25,23,quantile,0.025,0
2023-11-04,3,wk inc hosp,2023-11-25,23,quantile,0.05,0
2023-11-04,3,wk inc hosp,2023-11-25,23,quantile,0.1,0
2023-11-04,3,wk inc hosp,2023-11-25,23,quantile,0.15,0
2023-11-04,3,wk inc hosp,2023-11-25,23,quantile,0.2,0
2023-11-04,3,wk inc hosp,2023-11-25,23,quantile,0.25,0
2023-11-04,3,wk inc hosp,2023-11-25,23,quantile,0.3,0
2023-11-04,3,wk inc hosp,2023-11-25,23,quantile,0.35,0.9600246002460011
2023-11-04,3,wk inc hosp,2023-11-25,23,quantile,0.4,1.9600246002460011
2023-11-04,3,wk inc hosp,2023-11-25,23,quantile,0.45,2.960024600246001
2023-11-04,3,wk inc hosp,2023-11-25,23,quantile,0.5,4
2023-11-04,3,wk inc hosp,2023-11-25,23,quantile,0.55,5.577647776477775
2023-11-04,3,wk inc hosp,2023-11-25,23,quantile,0.6,6.960024600246001
2023-11-04,3,wk inc hosp,2023-11-25,23,quantile,0.65,7.960024600246001
2023-11-04,3,wk inc hosp,2023-11-25,23,quantile,0.7,9.960024600246001
2023-11-04,3,wk inc hosp,2023-11-25,23,quantile,0.75,12.887366373663738
2023-11-04,3,wk inc hosp,2023-11-25,23,quantile,0.8,18.108670086700965
2023-11-04,3,wk inc hosp,2023-11-25,23,quantile,0.85,24.960024600246
2023-11-04,3,wk inc hosp,2023-11-25,23,quantile,0.9,33.183103831038416
2023-11-04,3,wk inc hosp,2023-11-25,23,quantile,0.95,64.9173606736067
2023-11-04,3,wk inc hosp,2023-11-25,23,quantile,0.975,72.61455039550395
2023-11-04,3,wk inc hosp,2023-11-25,23,quantile,0.99,83.06658186581856
2023-11-04,3,wk inc hosp,2023-11-25,24,quantile,0.01,0
2023-11-04,3,wk inc hosp,2023-11-25,24,quantile,0.025,0
2023-11-04,3,wk inc hosp,2023-11-25,24,quantile,0.05,0
2023-11-04,3,wk inc hosp,2023-11-25,24,quantile,0.1,0
2023-11-04,3,wk inc hosp,2023-11-25,24,quantile,0.15,0
2023-11-04,3,wk inc hosp,2023-11-25,24,quantile,0.2,0
2023-11-04,3,wk inc hosp,2023-11-25,24,quantile,0.25,0
2023-11-04,3,wk inc hosp,2023-11-25,24,quantile,0.3,0
2023-11-04,3,wk inc hosp,2023-11-25,24,quantile,0.35,1.2029420294202884
2023-11-04,3,wk inc hosp,2023-11-25,24,quantile,0.4,4.13139331393316
2023-11-04,3,wk inc hosp,2023-11-25,24,quantile,0.45,7
2023-11-04,3,wk inc hosp,2023-11-25,24,quantile,0.5,10
2023-11-04,3,wk inc hosp,2023-11-25,24,quantile,0.55,13
2023-11-04,3,wk inc hosp,2023-11-25,24,quantile,0.6,16
2023-11-04,3,wk inc hosp,2023-11-25,24,quantile,0.65,19.170729207292077
2023-11-04,3,wk inc hosp,2023-11-25,24,quantile,0.7,23.220529205292056
2023-11-04,3,wk inc hosp,2023-11-25,24,quantile,0.75,28.5751507515075
2023-11-04,3,wk inc hosp,2023-11-25,24,quantile,0.8,36.08845888458887
2023-11-04,3,wk inc hosp,2023-11-25,24,quantile,0.85,49.83658186581857
2023-11-04,3,wk inc hosp,2023-11-25,24,quantile,0.9,68.70062200622004
2023-11-04,3,wk inc hosp,2023-11-25,24,quantile,0.95,90.82364173641714
2023-11-04,3,wk inc hosp,2023-11-25,24,quantile,0.975,109.96056385563847
2023-11-04,3,wk inc hosp,2023-11-25,24,quantile,0.99,129.96225932259338
2023-11-04,3,wk inc hosp,2023-11-25,25,quantile,0.01,0
2023-11-04,3,wk inc hosp,2023-11-25,25,quantile,0.025,0
2023-11-04,3,wk inc hosp,2023-11-25,25,quantile,0.05,0
2023-11-04,3,wk inc hosp,2023-11-25,25,quantile,0.1,0
2023-11-04,3,wk inc hosp,2023-11-25,25,quantile,0.15,0
2023-11-04,3,wk inc hosp,2023-11-25,25,quantile,0.2,0
2023-11-04,3,wk inc hosp,2023-11-25,25,quantile,0.25,3.696524465244667
2023-11-04,3,wk inc hosp,2023-11-25,25,quantile,0.3,10.311713117131177
2023-11-04,3,wk inc hosp,2023-11-25,25,quantile,0.35,15.68732487324873
2023-11-04,3,wk inc hosp,2023-11-25,25,quantile,0.4,20.311713117131177
2023-11-04,3,wk inc hosp,2023-11-25,25,quantile,0.45,24.311713117131177
2023-11-04,3,wk inc hosp,2023-11-25,25,quantile,0.5,28
2023-11-04,3,wk inc hosp,2023-11-25,25,quantile,0.55,31.790386903869056
2023-11-04,3,wk inc hosp,2023-11-25,25,quantile,0.6,36.08083480834808
2023-11-04,3,wk inc hosp,2023-11-25,25,quantile,0.65,40.869327693276944
2023-11-04,3,wk inc hosp,2023-11-25,25,quantile,0.7,47.09754297542991
2023-11-04,3,wk inc hosp,2023-11-25,25,quantile,0.75,56.08937589375899
2023-11-04,3,wk inc hosp,2023-11-25,25,quantile,0.8,69.99640596405972
2023-11-04,3,wk inc hosp,2023-11-25,25,quantile,0.85,92.92119221192188
2023-11-04,3,wk inc hosp,2023-11-25,25,quantile,0.9,137.9938929389293
2023-11-04,3,wk inc hosp,2023-11-25,25,quantile,0.95,216.26950319503166
2023-11-04,3,wk inc hosp,2023-11-25,25,quantile,0.975,268.72983279832835
2023-11-04,3,wk inc hosp,2023-11-25,25,quantile,0.99,301.2933732337322
2023-11-04,3,wk inc hosp,2023-11-25,26,quantile,0.01,0
2023-11-04,3,wk inc hosp,2023-11-25,26,quantile,0.025,0
2023-11-04,3,wk inc hosp,2023-11-25,26,quantile,0.05,0
2023-11-04,3,wk inc hosp,2023-11-25,26,quantile,0.1,0
2023-11-04,3,wk inc hosp,2023-11-25,26,quantile,0.15,0
2023-11-04,3,wk inc hosp,2023-11-25,26,quantile,0.2,0
2023-11-04,3,wk inc hosp,2023-11-25,26,quantile,0.25,0
2023-11-04,3,wk inc hosp,2023-11-25,26,quantile,0.3,0
2023-11-04,3,wk inc hosp,2023-11-25,26,quantile,0.35,0
2023-11-04,3,wk inc hosp,2023-11-25,26,quantile,0.4,3.083918839188399
2023-11-04,3,wk inc hosp,2023-11-25,26,quantile,0.45,7.708414584145823
2023-11-04,3,wk inc hosp,2023-11-25,26,quantile,0.5,12
2023-11-04,3,wk inc hosp,2023-11-25,26,quantile,0.55,16.687367373673716
2023-11-04,3,wk inc hosp,2023-11-25,26,quantile,0.6,21.976511765117635
2023-11-04,3,wk inc hosp,2023-11-25,26,quantile,0.65,28
2023-11-04,3,wk inc hosp,2023-11-25,26,quantile,0.7,35.7754207542075
2023-11-04,3,wk inc hosp,2023-11-25,26,quantile,0.75,45.304030540305405
2023-11-04,3,wk inc hosp,2023-11-25,26,quantile,0.8,59.89762697626972
2023-11-04,3,wk inc hosp,2023-11-25,26,quantile,0.85,96.47805828058281
2023-11-04,3,wk inc hosp,2023-11-25,26,quantile,0.9,159.028914289143
2023-11-04,3,wk inc hosp,2023-11-25,26,quantile,0.95,269.2221187211861
2023-11-04,3,wk inc hosp,2023-11-25,26,quantile,0.975,382.69258242582407
2023-11-04,3,wk inc hosp,2023-11-25,26,quantile,0.99,433.23908779087805
2023-11-04,3,wk inc hosp,2023-11-25,27,quantile,0.01,0
2023-11-04,3,wk inc hosp,2023-11-25,27,quantile,0.025,0
2023-11-04,3,wk inc hosp,2023-11-25,27,quantile,0.05,0
2023-11-04,3,wk inc hosp,2023-11-25,27,quantile,0.1,0
2023-11-04,3,wk inc hosp,2023-11-25,27,quantile,0.15,0
2023-11-04,3,wk inc hosp,2023-11-25,27,quantile,0.2,0
2023-11-04,3,wk inc hosp,2023-11-25,27,quantile,0.25,0
2023-11-04,3,wk inc hosp,2023-11-25,27,quantile,0.3,0
2023-11-04,3,wk inc hosp,2023-11-25,27,quantile,0.35,0
2023-11-04,3,wk inc hosp,2023-11-25,27,quantile,0.4,0
2023-11-04,3,wk inc hosp,2023-11-25,27,quantile,0.45,1.1784617846178485
2023-11-04,3,wk inc hosp,2023-11-25,27,quantile,0.5,4
2023-11-04,3,wk inc hosp,2023-11-25,27,quantile,0.55,6
2023-11-04,3,wk inc hosp,2023-11-25,27,quantile,0.6,9
2023-11-04,3,wk inc hosp,2023-11-25,27,quantile,0.65,12
2023-11-04,3,wk inc hosp,2023-11-25,27,quantile,0.7,16.21134611346112
2023-11-04,3,wk inc hosp,2023-11-25,27,quantile,0.75,22.33206332063324
2023-11-04,3,wk inc hosp,2023-11-25,27,quantile,0.8,32.11457714577152
2023-11-04,3,wk inc hosp,2023-11-25,27,quantile,0.85,48.42868478684786
2023-11-04,3,wk inc hosp,2023-11-25,27,quantile,0.9,78.55939759397596
2023-11-04,3,wk inc hosp,2023-11-25,27,quantile,0.95,100.39505895058949
2023-11-04,3,wk inc hosp,2023-11-25,27,quantile,0.975,118.08043055430554
2023-11-04,3,wk inc hosp,2023-11-25,27,quantile,0.99,144.88851358513529
2023-11-04,3,wk inc hosp,2023-11-25,28,quantile,0.01,0
2023-11-04,3,wk inc hosp,2023-11-25,28,quantile,0.025,0
2023-11-04,3,wk inc hosp,2023-11-25,28,quantile,0.05,0
2023-11-04,3,wk inc hosp,2023-11-25,28,quantile,0.1,0
2023-11-04,3,wk inc hosp,2023-11-25,28,quantile,0.15,0
2023-11-04,3,wk inc hosp,2023-11-25,28,quantile,0.2,0
2023-11-04,3,wk inc hosp,2023-11-25,28,quantile,0.25,0.5070400704007092
2023-11-04,3,wk inc hosp,2023-11-25,28,quantile,0.3,4.507040070400709
2023-11-04,3,wk inc hosp,2023-11-25,28,quantile,0.35,8.50704007040071
2023-11-04,3,wk inc hosp,2023-11-25,28,quantile,0.4,11.50704007040071
2023-11-04,3,wk inc hosp,2023-11-25,28,quantile,0.45,14.846963969639702
2023-11-04,3,wk inc hosp,2023-11-25,28,quantile,0.5,18
2023-11-04,3,wk inc hosp,2023-11-25,28,quantile,0.55,21.070942709427097
2023-11-04,3,wk inc hosp,2023-11-25,28,quantile,0.6,24.50704007040071
2023-11-04,3,wk inc hosp,2023-11-25,28,quantile,0.65,27.752422524225263
2023-11-04,3,wk inc hosp,2023-11-25,28,quantile,0.7,31.52049020490205
2023-11-04,3,wk inc hosp,2023-11-25,28,quantile,0.75,35.903889038890384
2023-11-04,3,wk inc hosp,2023-11-25,28,quantile,0.8,41.18550485504855
2023-11-04,3,wk inc hosp,2023-11-25,28,quantile,0.85,47.90693856938566
2023-11-04,3,wk inc hosp,2023-11-25,28,quantile,0.9,58.332392323923244
2023-11-04,3,wk inc hosp,2023-11-25,28,quantile,0.95,79.5657361573614
2023-11-04,3,wk inc hosp,2023-11-25,28,quantile,0.975,102.22586575865746
2023-11-04,3,wk inc hosp,2023-11-25,28,quantile,0.99,124.94421014210117
2023-11-04,3,wk inc hosp,2023-11-25,29,quantile,0.01,0
2023-11-04,3,wk inc hosp,2023-11-25,29,quantile,0.025,0
2023-11-04,3,wk inc hosp,2023-11-25,29,quantile,0.05,0
2023-11-04,3,wk inc hosp,2023-11-25,29,quantile,0.1,0
2023-11-04,3,wk inc hosp,2023-11-25,29,quantile,0.15,0
2023-11-04,3,wk inc hosp,2023-11-25,29,quantile,0.2,0
2023-11-04,3,wk inc hosp,2023-11-25,29,quantile,0.25,0
2023-11-04,3,wk inc hosp,2023-11-25,29,quantile,0.3,0.21795317953179671
2023-11-04,3,wk inc hosp,2023-11-25,29,quantile,0.35,5
2023-11-04,3,wk inc hosp,2023-11-25,29,quantile,0.4,9.083960839608405
2023-11-04,3,wk inc hosp,2023-11-25,29,quantile,0.45,13.198470984709855
2023-11-04,3,wk inc hosp,2023-11-25,29,quantile,0.5,17
2023-11-04,3,wk inc hosp,2023-11-25,29,quantile,0.55,21
2023-11-04,3,wk inc hosp,2023-11-25,29,quantile,0.6,25.2880908809088
2023-11-04,3,wk inc hosp,2023-11-25,29,quantile,0.65,30
2023-11-04,3,wk inc hosp,2023-11-25,29,quantile,0.7,36
2023-11-04,3,wk inc hosp,2023-11-25,29,quantile,0.75,43.42642176421765
2023-11-04,3,wk inc hosp,2023-11-25,29,quantile,0.8,55.162813628136405
2023-11-04,3,wk inc hosp,2023-11-25,29,quantile,0.85,78.33204332043324
2023-11-04,3,wk inc hosp,2023-11-25,29,quantile,0.9,119.55818658186581
2023-11-04,3,wk inc hosp,2023-11-25,29,quantile,0.95,240.11318163181625
2023-11-04,3,wk inc hosp,2023-11-25,29,quantile,0.975,311.31131936319406
2023-11-04,3,wk inc hosp,2023-11-25,29,quantile,0.99,363.21108981089753
2023-11-04,3,wk inc hosp,2023-11-25,30,quantile,0.01,0
2023-11-04,3,wk inc hosp,2023-11-25,30,quantile,0.025,0
2023-11-04,3,wk inc hosp,2023-11-25,30,quantile,0.05,0
2023-11-04,3,wk inc hosp,2023-11-25,30,quantile,0.1,0
2023-11-04,3,wk inc hosp,2023-11-25,30,quantile,0.15,0
2023-11-04,3,wk inc hosp,2023-11-25,30,quantile,0.2,0
2023-11-04,3,wk inc hosp,2023-11-25,30,quantile,0.25,0
2023-11-04,3,wk inc hosp,2023-11-25,30,quantile,0.3,0
2023-11-04,3,wk inc hosp,2023-11-25,30,quantile,0.35,0
2023-11-04,3,wk inc hosp,2023-11-25,30,quantile,0.4,0
2023-11-04,3,wk inc hosp,2023-11-25,30,quantile,0.45,0
2023-11-04,3,wk inc hosp,2023-11-25,30,quantile,0.5,2.2000220001672233e-4
2023-11-04,3,wk inc hosp,2023-11-25,30,quantile,0.55,1.2494769947699393
2023-11-04,3,wk inc hosp,2023-11-25,30,quantile,0.6,2.899248992489916
2023-11-04,3,wk inc hosp,2023-11-25,30,quantile,0.65,3.899248992489916
2023-11-04,3,wk inc hosp,2023-11-25,30,quantile,0.7,5.899248992489916
2023-11-04,3,wk inc hosp,2023-11-25,30,quantile,0.75,8.092013420134208
2023-11-04,3,wk inc hosp,2023-11-25,30,quantile,0.8,11.899248992489916
2023-11-04,3,wk inc hosp,2023-11-25,30,quantile,0.85,17.899248992489916
2023-11-04,3,wk inc hosp,2023-11-25,30,quantile,0.9,24.28006080060794
2023-11-04,3,wk inc hosp,2023-11-25,30,quantile,0.95,32.95289452894519
2023-11-04,3,wk inc hosp,2023-11-25,30,quantile,0.975,38.899248992489916
2023-11-04,3,wk inc hosp,2023-11-25,30,quantile,0.99,49.192749427494086
2023-11-04,3,wk inc hosp,2023-11-25,31,quantile,0.01,0
2023-11-04,3,wk inc hosp,2023-11-25,31,quantile,0.025,0
2023-11-04,3,wk inc hosp,2023-11-25,31,quantile,0.05,0
2023-11-04,3,wk inc hosp,2023-11-25,31,quantile,0.1,0
2023-11-04,3,wk inc hosp,2023-11-25,31,quantile,0.15,0
2023-11-04,3,wk inc hosp,2023-11-25,31,quantile,0.2,0
2023-11-04,3,wk inc hosp,2023-11-25,31,quantile,0.25,0
2023-11-04,3,wk inc hosp,2023-11-25,31,quantile,0.3,0
2023-11-04,3,wk inc hosp,2023-11-25,31,quantile,0.35,0.5888578885788837
2023-11-04,3,wk inc hosp,2023-11-25,31,quantile,0.4,2.9007670076700864
2023-11-04,3,wk inc hosp,2023-11-25,31,quantile,0.45,4.992145421454227
2023-11-04,3,wk inc hosp,2023-11-25,31,quantile,0.5,7
2023-11-04,3,wk inc hosp,2023-11-25,31,quantile,0.55,9
2023-11-04,3,wk inc hosp,2023-11-25,31,quantile,0.6,11
2023-11-04,3,wk inc hosp,2023-11-25,31,quantile,0.65,13.09741097410972
2023-11-04,3,wk inc hosp,2023-11-25,31,quantile,0.7,16
2023-11-04,3,wk inc hosp,2023-11-25,31,quantile,0.75,19.018697686976886
2023-11-04,3,wk inc hosp,2023-11-25,31,quantile,0.8,23.109603096031
2023-11-04,3,wk inc hosp,2023-11-25,31,quantile,0.85,28.952148021480223
2023-11-04,3,wk inc hosp,2023-11-25,31,quantile,0.9,37.01779117791177
2023-11-04,3,wk inc hosp,2023-11-25,31,quantile,0.95,48.29954199541995
2023-11-04,3,wk inc hosp,2023-11-25,31,quantile,0.975,56.68329583295831
2023-11-04,3,wk inc hosp,2023-11-25,31,quantile,0.99,67.27482094820942
2023-11-04,3,wk inc hosp,2023-11-25,32,quantile,0.01,0
2023-11-04,3,wk inc hosp,2023-11-25,32,quantile,0.025,0
2023-11-04,3,wk inc hosp,2023-11-25,32,quantile,0.05,0
2023-11-04,3,wk inc hosp,2023-11-25,32,quantile,0.1,0
2023-11-04,3,wk inc hosp,2023-11-25,32,quantile,0.15,0
2023-11-04,3,wk inc hosp,2023-11-25,32,quantile,0.2,0
2023-11-04,3,wk inc hosp,2023-11-25,32,quantile,0.25,0
2023-11-04,3,wk inc hosp,2023-11-25,32,quantile,0.3,0
2023-11-04,3,wk inc hosp,2023-11-25,32,quantile,0.35,0
2023-11-04,3,wk inc hosp,2023-11-25,32,quantile,0.4,3
2023-11-04,3,wk inc hosp,2023-11-25,32,quantile,0.45,5.7874723747237615
2023-11-04,3,wk inc hosp,2023-11-25,32,quantile,0.5,8
2023-11-04,3,wk inc hosp,2023-11-25,32,quantile,0.55,11
2023-11-04,3,wk inc hosp,2023-11-25,32,quantile,0.6,14
2023-11-04,3,wk inc hosp,2023-11-25,32,quantile,0.65,17.76563965639656
2023-11-04,3,wk inc hosp,2023-11-25,32,quantile,0.7,22
2023-11-04,3,wk inc hosp,2023-11-25,32,quantile,0.75,27.766057660576614
2023-11-04,3,wk inc hosp,2023-11-25,32,quantile,0.8,35
2023-11-04,3,wk inc hosp,2023-11-25,32,quantile,0.85,46.49987349873498
2023-11-04,3,wk inc hosp,2023-11-25,32,quantile,0.9,64.56702567025674
2023-11-04,3,wk inc hosp,2023-11-25,32,quantile,0.95,95.75314903149038
2023-11-04,3,wk inc hosp,2023-11-25,32,quantile,0.975,126.96671816718093
2023-11-04,3,wk inc hosp,2023-11-25,32,quantile,0.99,160.49258552585468
2023-11-04,3,wk inc hosp,2023-11-25,33,quantile,0.01,0
2023-11-04,3,wk inc hosp,2023-11-25,33,quantile,0.025,0
2023-11-04,3,wk inc hosp,2023-11-25,33,quantile,0.05,0
2023-11-04,3,wk inc hosp,2023-11-25,33,quantile,0.1,0
2023-11-04,3,wk inc hosp,2023-11-25,33,quantile,0.15,0
2023-11-04,3,wk inc hosp,2023-11-25,33,quantile,0.2,0
2023-11-04,3,wk inc hosp,2023-11-25,33,quantile,0.25,0
2023-11-04,3,wk inc hosp,2023-11-25,33,quantile,0.3,0
2023-11-04,3,wk inc hosp,2023-11-25,33,quantile,0.35,0
2023-11-04,3,wk inc hosp,2023-11-25,33,quantile,0.4,0
2023-11-04,3,wk inc hosp,2023-11-25,33,quantile,0.45,1
2023-11-04,3,wk inc hosp,2023-11-25,33,quantile,0.5,2
2023-11-04,3,wk inc hosp,2023-11-25,33,quantile,0.55,3
2023-11-04,3,wk inc hosp,2023-11-25,33,quantile,0.6,4
2023-11-04,3,wk inc hosp,2023-11-25,33,quantile,0.65,5
2023-11-04,3,wk inc hosp,2023-11-25,33,quantile,0.7,6.366521665216637
2023-11-04,3,wk inc hosp,2023-11-25,33,quantile,0.75,8
2023-11-04,3,wk inc hosp,2023-11-25,33,quantile,0.8,11
2023-11-04,3,wk inc hosp,2023-11-25,33,quantile,0.85,15.588618886188847
2023-11-04,3,wk inc hosp,2023-11-25,33,quantile,0.9,24
2023-11-04,3,wk inc hosp,2023-11-25,33,quantile,0.95,34.42146021460217
2023-11-04,3,wk inc hosp,2023-11-25,33,quantile,0.975,42.206758317583116
2023-11-04,3,wk inc hosp,2023-11-25,33,quantile,0.99,55.23572785727854
2023-11-04,3,wk inc hosp,2023-11-25,34,quantile,0.01,0
2023-11-04,3,wk inc hosp,2023-11-25,34,quantile,0.025,0
2023-11-04,3,wk inc hosp,2023-11-25,34,quantile,0.05,0
2023-11-04,3,wk inc hosp,2023-11-25,34,quantile,0.1,0
2023-11-04,3,wk inc hosp,2023-11-25,34,quantile,0.15,0
2023-11-04,3,wk inc hosp,2023-11-25,34,quantile,0.2,4.74633746337463
2023-11-04,3,wk inc hosp,2023-11-25,34,quantile,0.25,14.933084330843304
2023-11-04,3,wk inc hosp,2023-11-25,34,quantile,0.3,22.72136921369213
2023-11-04,3,wk inc hosp,2023-11-25,34,quantile,0.35,28.80134751347513
2023-11-04,3,wk inc hosp,2023-11-25,34,quantile,0.4,34.40325003250035
2023-11-04,3,wk inc hosp,2023-11-25,34,quantile,0.45,39.33729687296872
2023-11-04,3,wk inc hosp,2023-11-25,34,quantile,0.5,44
2023-11-04,3,wk inc hosp,2023-11-25,34,quantile,0.55,48.88162681626816
2023-11-04,3,wk inc hosp,2023-11-25,34,quantile,0.6,54.294272942729435
2023-11-04,3,wk inc hosp,2023-11-25,34,quantile,0.65,59.75358653586535
2023-11-04,3,wk inc hosp,2023-11-25,34,quantile,0.7,66.65840558405584
2023-11-04,3,wk inc hosp,2023-11-25,34,quantile,0.75,75.41476914769146
2023-11-04,3,wk inc hosp,2023-11-25,34,quantile,0.8,89.59467594675952
2023-11-04,3,wk inc hosp,2023-11-25,34,quantile,0.85,119.10858558585593
2023-11-04,3,wk inc hosp,2023-11-25,34,quantile,0.9,163.32262822628192
2023-11-04,3,wk inc hosp,2023-11-25,34,quantile,0.95,211.94495244952424
2023-11-04,3,wk inc hosp,2023-11-25,34,quantile,0.975,261.75039175391595
2023-11-04,3,wk inc hosp,2023-11-25,34,quantile,0.99,348.80150581505734
2023-11-04,3,wk inc hosp,2023-11-25,35,quantile,0.01,0
2023-11-04,3,wk inc hosp,2023-11-25,35,quantile,0.025,0
2023-11-04,3,wk inc hosp,2023-11-25,35,quantile,0.05,0
2023-11-04,3,wk inc hosp,2023-11-25,35,quantile,0.1,0
2023-11-04,3,wk inc hosp,2023-11-25,35,quantile,0.15,0
2023-11-04,3,wk inc hosp,2023-11-25,35,quantile,0.2,0
2023-11-04,3,wk inc hosp,2023-11-25,35,quantile,0.25,0
2023-11-04,3,wk inc hosp,2023-11-25,35,quantile,0.3,0
2023-11-04,3,wk inc hosp,2023-11-25,35,quantile,0.35,0
2023-11-04,3,wk inc hosp,2023-11-25,35,quantile,0.4,0
2023-11-04,3,wk inc hosp,2023-11-25,35,quantile,0.45,0
2023-11-04,3,wk inc hosp,2023-11-25,35,quantile,0.5,2
2023-11-04,3,wk inc hosp,2023-11-25,35,quantile,0.55,4.729992299922998
2023-11-04,3,wk inc hosp,2023-11-25,35,quantile,0.6,7.729992299922998
2023-11-04,3,wk inc hosp,2023-11-25,35,quantile,0.65,10.729992299922998
2023-11-04,3,wk inc hosp,2023-11-25,35,quantile,0.7,14.461060610606047
2023-11-04,3,wk inc hosp,2023-11-25,35,quantile,0.75,19.17737177371773
2023-11-04,3,wk inc hosp,2023-11-25,35,quantile,0.8,25.71997219972204
2023-11-04,3,wk inc hosp,2023-11-25,35,quantile,0.85,35.7124346243462
2023-11-04,3,wk inc hosp,2023-11-25,35,quantile,0.9,55.99440794407939
2023-11-04,3,wk inc hosp,2023-11-25,35,quantile,0.95,93.33895088950865
2023-11-04,3,wk inc hosp,2023-11-25,35,quantile,0.975,127.67940504405026
2023-11-04,3,wk inc hosp,2023-11-25,35,quantile,0.99,164.8795390953904
2023-11-04,3,wk inc hosp,2023-11-25,36,quantile,0.01,0
2023-11-04,3,wk inc hosp,2023-11-25,36,quantile,0.025,0
2023-11-04,3,wk inc hosp,2023-11-25,36,quantile,0.05,0
2023-11-04,3,wk inc hosp,2023-11-25,36,quantile,0.1,0
2023-11-04,3,wk inc hosp,2023-11-25,36,quantile,0.15,0
2023-11-04,3,wk inc hosp,2023-11-25,36,quantile,0.2,0
2023-11-04,3,wk inc hosp,2023-11-25,36,quantile,0.25,0
2023-11-04,3,wk inc hosp,2023-11-25,36,quantile,0.3,10.914309143091426
2023-11-04,3,wk inc hosp,2023-11-25,36,quantile,0.35,21.663115131151265
2023-11-04,3,wk inc hosp,2023-11-25,36,quantile,0.4,31.105858058580615
2023-11-04,3,wk inc hosp,2023-11-25,36,quantile,0.45,39.65206052060519
2023-11-04,3,wk inc hosp,2023-11-25,36,quantile,0.5,48
2023-11-04,3,wk inc hosp,2023-11-25,36,quantile,0.55,56.62373673736742
2023-11-04,3,wk inc hosp,2023-11-25,36,quantile,0.6,65.77561075610754
2023-11-04,3,wk inc hosp,2023-11-25,36,quantile,0.65,76.54132191321915
2023-11-04,3,wk inc hosp,2023-11-25,36,quantile,0.7,89.50845908459078
2023-11-04,3,wk inc hosp,2023-11-25,36,quantile,0.75,107.84868598685989
2023-11-04,3,wk inc hosp,2023-11-25,36,quantile,0.8,137.5319563195633
2023-11-04,3,wk inc hosp,2023-11-25,36,quantile,0.85,203.63899488994883
2023-11-04,3,wk inc hosp,2023-11-25,36,quantile,0.9,268.2834938349393
2023-11-04,3,wk inc hosp,2023-11-25,36,quantile,0.95,380.5092505925052
2023-11-04,3,wk inc hosp,2023-11-25,36,quantile,0.975,483.36984744847496
2023-11-04,3,wk inc hosp,2023-11-25,36,quantile,0.99,571.1546799467985
2023-11-04,3,wk inc hosp,2023-11-25,37,quantile,0.01,0
2023-11-04,3,wk inc hosp,2023-11-25,37,quantile,0.025,0
2023-11-04,3,wk inc hosp,2023-11-25,37,quantile,0.05,0
2023-11-04,3,wk inc hosp,2023-11-25,37,quantile,0.1,0
2023-11-04,3,wk inc hosp,2023-11-25,37,quantile,0.15,0
2023-11-04,3,wk inc hosp,2023-11-25,37,quantile,0.2,0
2023-11-04,3,wk inc hosp,2023-11-25,37,quantile,0.25,0
2023-11-04,3,wk inc hosp,2023-11-25,37,quantile,0.3,0
2023-11-04,3,wk inc hosp,2023-11-25,37,quantile,0.35,4.572370723707245
2023-11-04,3,wk inc hosp,2023-11-25,37,quantile,0.4,9.945096450964513
2023-11-04,3,wk inc hosp,2023-11-25,37,quantile,0.45,14.969658196581978
2023-11-04,3,wk inc hosp,2023-11-25,37,quantile,0.5,20
2023-11-04,3,wk inc hosp,2023-11-25,37,quantile,0.55,25.302397023970258
2023-11-04,3,wk inc hosp,2023-11-25,37,quantile,0.6,30.572370723707245
2023-11-04,3,wk inc hosp,2023-11-25,37,quantile,0.65,36.6118006180062
2023-11-04,3,wk inc hosp,2023-11-25,37,quantile,0.7,44.168927689276885
2023-11-04,3,wk inc hosp,2023-11-25,37,quantile,0.75,54.03632036320367
2023-11-04,3,wk inc hosp,2023-11-25,37,quantile,0.8,68.02467924679254
2023-11-04,3,wk inc hosp,2023-11-25,37,quantile,0.85,85.50473854738547
2023-11-04,3,wk inc hosp,2023-11-25,37,quantile,0.9,106.30654306543077
2023-11-04,3,wk inc hosp,2023-11-25,37,quantile,0.95,147.45648506485037
2023-11-04,3,wk inc hosp,2023-11-25,37,quantile,0.975,206.25333578335798
2023-11-04,3,wk inc hosp,2023-11-25,37,quantile,0.99,254.93568955689526
2023-11-04,3,wk inc hosp,2023-11-25,38,quantile,0.01,0
2023-11-04,3,wk inc hosp,2023-11-25,38,quantile,0.025,0
2023-11-04,3,wk inc hosp,2023-11-25,38,quantile,0.05,0
2023-11-04,3,wk inc hosp,2023-11-25,38,quantile,0.1,0
2023-11-04,3,wk inc hosp,2023-11-25,38,quantile,0.15,0
2023-11-04,3,wk inc hosp,2023-11-25,38,quantile,0.2,0
2023-11-04,3,wk inc hosp,2023-11-25,38,quantile,0.25,0
2023-11-04,3,wk inc hosp,2023-11-25,38,quantile,0.3,0
2023-11-04,3,wk inc hosp,2023-11-25,38,quantile,0.35,0
2023-11-04,3,wk inc hosp,2023-11-25,38,quantile,0.4,0
2023-11-04,3,wk inc hosp,2023-11-25,38,quantile,0.45,0
2023-11-04,3,wk inc hosp,2023-11-25,38,quantile,0.5,1
2023-11-04,3,wk inc hosp,2023-11-25,38,quantile,0.55,2
2023-11-04,3,wk inc hosp,2023-11-25,38,quantile,0.6,3
2023-11-04,3,wk inc hosp,2023-11-25,38,quantile,0.65,4
2023-11-04,3,wk inc hosp,2023-11-25,38,quantile,0.7,5.442665426654241
2023-11-04,3,wk inc hosp,2023-11-25,38,quantile,0.75,7.004430044300442
2023-11-04,3,wk inc hosp,2023-11-25,38,quantile,0.8,9.609192091920931
2023-11-04,3,wk inc hosp,2023-11-25,38,quantile,0.85,12.837273872738718
2023-11-04,3,wk inc hosp,2023-11-25,38,quantile,0.9,18
2023-11-04,3,wk inc hosp,2023-11-25,38,quantile,0.95,27.083237332373347
2023-11-04,3,wk inc hosp,2023-11-25,38,quantile,0.975,33
2023-11-04,3,wk inc hosp,2023-11-25,38,quantile,0.99,39.64314663146632
2023-11-04,3,wk inc hosp,2023-11-25,39,quantile,0.01,0
2023-11-04,3,wk inc hosp,2023-11-25,39,quantile,0.025,0
2023-11-04,3,wk inc hosp,2023-11-25,39,quantile,0.05,0
2023-11-04,3,wk inc hosp,2023-11-25,39,quantile,0.1,0
2023-11-04,3,wk inc hosp,2023-11-25,39,quantile,0.15,0
2023-11-04,3,wk inc hosp,2023-11-25,39,quantile,0.2,0
2023-11-04,3,wk inc hosp,2023-11-25,39,quantile,0.25,0
2023-11-04,3,wk inc hosp,2023-11-25,39,quantile,0.3,0
2023-11-04,3,wk inc hosp,2023-11-25,39,quantile,0.35,3.2161701617016187
2023-11-04,3,wk inc hosp,2023-11-25,39,quantile,0.4,8.144078440784426
2023-11-04,3,wk inc hosp,2023-11-25,39,quantile,0.45,12.526760267602697
2023-11-04,3,wk inc hosp,2023-11-25,39,quantile,0.5,17
2023-11-04,3,wk inc hosp,2023-11-25,39,quantile,0.55,21.526760267602697
2023-11-04,3,wk inc hosp,2023-11-25,39,quantile,0.6,26.526760267602697
2023-11-04,3,wk inc hosp,2023-11-25,39,quantile,0.65,32.5267602676027
2023-11-04,3,wk inc hosp,2023-11-25,39,quantile,0.7,40.06756867568676
2023-11-04,3,wk inc hosp,2023-11-25,39,quantile,0.75,50.71580965809662
2023-11-04,3,wk inc hosp,2023-11-25,39,quantile,0.8,68.3931989319894
2023-11-04,3,wk inc hosp,2023-11-25,39,quantile,0.85,90.51593365933658
2023-11-04,3,wk inc hosp,2023-11-25,39,quantile,0.9,126.87006170061696
2023-11-04,3,wk inc hosp,2023-11-25,39,quantile,0.95,250.12205322053157
2023-11-04,3,wk inc hosp,2023-11-25,39,quantile,0.975,312.8699494494936
2023-11-04,3,wk inc hosp,2023-11-25,39,quantile,0.99,379.78716467164435
2023-11-04,3,wk inc hosp,2023-11-25,40,quantile,0.01,0
2023-11-04,3,wk inc hosp,2023-11-25,40,quantile,0.025,0
2023-11-04,3,wk inc hosp,2023-11-25,40,quantile,0.05,0
2023-11-04,3,wk inc hosp,2023-11-25,40,quantile,0.1,0
2023-11-04,3,wk inc hosp,2023-11-25,40,quantile,0.15,0
2023-11-04,3,wk inc hosp,2023-11-25,40,quantile,0.2,0
2023-11-04,3,wk inc hosp,2023-11-25,40,quantile,0.25,0
2023-11-04,3,wk inc hosp,2023-11-25,40,quantile,0.3,0
2023-11-04,3,wk inc hosp,2023-11-25,40,quantile,0.35,0
2023-11-04,3,wk inc hosp,2023-11-25,40,quantile,0.4,0.3409634096341265
2023-11-04,3,wk inc hosp,2023-11-25,40,quantile,0.45,5.156512065120648
2023-11-04,3,wk inc hosp,2023-11-25,40,quantile,0.5,10
2023-11-04,3,wk inc hosp,2023-11-25,40,quantile,0.55,15.052743027430282
2023-11-04,3,wk inc hosp,2023-11-25,40,quantile,0.6,20.64544845448455
2023-11-04,3,wk inc hosp,2023-11-25,40,quantile,0.65,26.941361913619136
2023-11-04,3,wk inc hosp,2023-11-25,40,quantile,0.7,34.715618156181556
2023-11-04,3,wk inc hosp,2023-11-25,40,quantile,0.75,45.13508885088851
2023-11-04,3,wk inc hosp,2023-11-25,40,quantile,0.8,60.36604966049647
2023-11-04,3,wk inc hosp,2023-11-25,40,quantile,0.85,81.52427174271739
2023-11-04,3,wk inc hosp,2023-11-25,40,quantile,0.9,112.21724017240184
2023-11-04,3,wk inc hosp,2023-11-25,40,quantile,0.95,208.34365043650433
2023-11-04,3,wk inc hosp,2023-11-25,40,quantile,0.975,259.84197566975763
2023-11-04,3,wk inc hosp,2023-11-25,40,quantile,0.99,365.58555235551944
2023-11-04,3,wk inc hosp,2023-11-25,41,quantile,0.01,0
2023-11-04,3,wk inc hosp,2023-11-25,41,quantile,0.025,0
2023-11-04,3,wk inc hosp,2023-11-25,41,quantile,0.05,0
2023-11-04,3,wk inc hosp,2023-11-25,41,quantile,0.1,0
2023-11-04,3,wk inc hosp,2023-11-25,41,quantile,0.15,0
2023-11-04,3,wk inc hosp,2023-11-25,41,quantile,0.2,0
2023-11-04,3,wk inc hosp,2023-11-25,41,quantile,0.25,4.2802203022030225
2023-11-04,3,wk inc hosp,2023-11-25,41,quantile,0.3,7.113885138851379
2023-11-04,3,wk inc hosp,2023-11-25,41,quantile,0.35,9.32875128751287
2023-11-04,3,wk inc hosp,2023-11-25,41,quantile,0.4,11
2023-11-04,3,wk inc hosp,2023-11-25,41,quantile,0.45,13
2023-11-04,3,wk inc hosp,2023-11-25,41,quantile,0.5,14
2023-11-04,3,wk inc hosp,2023-11-25,41,quantile,0.55,15.98068230682308
2023-11-04,3,wk inc hosp,2023-11-25,41,quantile,0.6,17
2023-11-04,3,wk inc hosp,2023-11-25,41,quantile,0.65,19
2023-11-04,3,wk inc hosp,2023-11-25,41,quantile,0.7,21.55936659366592
2023-11-04,3,wk inc hosp,2023-11-25,41,quantile,0.75,25.46755717557175
2023-11-04,3,wk inc hosp,2023-11-25,41,quantile,0.8,33.85697456974565
2023-11-04,3,wk inc hosp,2023-11-25,41,quantile,0.85,54.6466099660996
2023-11-04,3,wk inc hosp,2023-11-25,41,quantile,0.9,103.99384293842947
2023-11-04,3,wk inc hosp,2023-11-25,41,quantile,0.95,202.6696536965366
2023-11-04,3,wk inc hosp,2023-11-25,41,quantile,0.975,253.57271497714973
2023-11-04,3,wk inc hosp,2023-11-25,41,quantile,0.99,270.3502481024808
2023-11-04,3,wk inc hosp,2023-11-25,42,quantile,0.01,0
2023-11-04,3,wk inc hosp,2023-11-25,42,quantile,0.025,0
2023-11-04,3,wk inc hosp,2023-11-25,42,quantile,0.05,0
2023-11-04,3,wk inc hosp,2023-11-25,42,quantile,0.1,0
2023-11-04,3,wk inc hosp,2023-11-25,42,quantile,0.15,0
2023-11-04,3,wk inc hosp,2023-11-25,42,quantile,0.2,0
2023-11-04,3,wk inc hosp,2023-11-25,42,quantile,0.25,10.152109021090219
2023-11-04,3,wk inc hosp,2023-11-25,42,quantile,0.3,20.42905029050291
2023-11-04,3,wk inc hosp,2023-11-25,42,quantile,0.35,28.9170731707317
2023-11-04,3,wk inc hosp,2023-11-25,42,quantile,0.4,36.230500305003076
2023-11-04,3,wk inc hosp,2023-11-25,42,quantile,0.45,43.36405614056141
2023-11-04,3,wk inc hosp,2023-11-25,42,quantile,0.5,50
2023-11-04,3,wk inc hosp,2023-11-25,42,quantile,0.55,56.56046010460105
2023-11-04,3,wk inc hosp,2023-11-25,42,quantile,0.6,63.655994559945604
2023-11-04,3,wk inc hosp,2023-11-25,42,quantile,0.65,71.39534245342455
2023-11-04,3,wk inc hosp,2023-11-25,42,quantile,0.7,80.75452654526536
2023-11-04,3,wk inc hosp,2023-11-25,42,quantile,0.75,92.87083870838708
2023-11-04,3,wk inc hosp,2023-11-25,42,quantile,0.8,110.09104491044916
2023-11-04,3,wk inc hosp,2023-11-25,42,quantile,0.85,139.17233722337164
2023-11-04,3,wk inc hosp,2023-11-25,42,quantile,0.9,193.91431414314172
2023-11-04,3,wk inc hosp,2023-11-25,42,quantile,0.95,323.0390718907189
2023-11-04,3,wk inc hosp,2023-11-25,42,quantile,0.975,410.98548035480314
2023-11-04,3,wk inc hosp,2023-11-25,42,quantile,0.99,553.5088126881284
2023-11-04,3,wk inc hosp,2023-11-25,44,quantile,0.01,0
2023-11-04,3,wk inc hosp,2023-11-25,44,quantile,0.025,0
2023-11-04,3,wk inc hosp,2023-11-25,44,quantile,0.05,0
2023-11-04,3,wk inc hosp,2023-11-25,44,quantile,0.1,0
2023-11-04,3,wk inc hosp,2023-11-25,44,quantile,0.15,0
2023-11-04,3,wk inc hosp,2023-11-25,44,quantile,0.2,0
2023-11-04,3,wk inc hosp,2023-11-25,44,quantile,0.25,0
2023-11-04,3,wk inc hosp,2023-11-25,44,quantile,0.3,0
2023-11-04,3,wk inc hosp,2023-11-25,44,quantile,0.35,0
2023-11-04,3,wk inc hosp,2023-11-25,44,quantile,0.4,0
2023-11-04,3,wk inc hosp,2023-11-25,44,quantile,0.45,1
2023-11-04,3,wk inc hosp,2023-11-25,44,quantile,0.5,1
2023-11-04,3,wk inc hosp,2023-11-25,44,quantile,0.55,2
2023-11-04,3,wk inc hosp,2023-11-25,44,quantile,0.6,2.5472434724347215
2023-11-04,3,wk inc hosp,2023-11-25,44,quantile,0.65,3
2023-11-04,3,wk inc hosp,2023-11-25,44,quantile,0.7,4
2023-11-04,3,wk inc hosp,2023-11-25,44,quantile,0.75,5
2023-11-04,3,wk inc hosp,2023-11-25,44,quantile,0.8,6.117969179691808
2023-11-04,3,wk inc hosp,2023-11-25,44,quantile,0.85,8.471913719137193
2023-11-04,3,wk inc hosp,2023-11-25,44,quantile,0.9,12.216959169591671
2023-11-04,3,wk inc hosp,2023-11-25,44,quantile,0.95,19.348665486654767
2023-11-04,3,wk inc hosp,2023-11-25,44,quantile,0.975,27.409174091741022
2023-11-04,3,wk inc hosp,2023-11-25,44,quantile,0.99,32.29003060030601
2023-11-04,3,wk inc hosp,2023-11-25,45,quantile,0.01,0
2023-11-04,3,wk inc hosp,2023-11-25,45,quantile,0.025,0
2023-11-04,3,wk inc hosp,2023-11-25,45,quantile,0.05,0
2023-11-04,3,wk inc hosp,2023-11-25,45,quantile,0.1,0
2023-11-04,3,wk inc hosp,2023-11-25,45,quantile,0.15,0
2023-11-04,3,wk inc hosp,2023-11-25,45,quantile,0.2,1.2215372153721686
2023-11-04,3,wk inc hosp,2023-11-25,45,quantile,0.25,5.761787617876184
2023-11-04,3,wk inc hosp,2023-11-25,45,quantile,0.3,9.313331133311332
2023-11-04,3,wk inc hosp,2023-11-25,45,quantile,0.35,12.704940049400477
2023-11-04,3,wk inc hosp,2023-11-25,45,quantile,0.4,15.663377633776342
2023-11-04,3,wk inc hosp,2023-11-25,45,quantile,0.45,18.38845988459885
2023-11-04,3,wk inc hosp,2023-11-25,45,quantile,0.5,21
2023-11-04,3,wk inc hosp,2023-11-25,45,quantile,0.55,23.90070400704007
2023-11-04,3,wk inc hosp,2023-11-25,45,quantile,0.6,26.90070400704007
2023-11-04,3,wk inc hosp,2023-11-25,45,quantile,0.65,29.90070400704007
2023-11-04,3,wk inc hosp,2023-11-25,45,quantile,0.7,33.0561425614256
2023-11-04,3,wk inc hosp,2023-11-25,45,quantile,0.75,37.12930629306292
2023-11-04,3,wk inc hosp,2023-11-25,45,quantile,0.8,42.22219522195224
2023-11-04,3,wk inc hosp,2023-11-25,45,quantile,0.85,49.30728207282071
2023-11-04,3,wk inc hosp,2023-11-25,45,quantile,0.9,60.88411084110846
2023-11-04,3,wk inc hosp,2023-11-25,45,quantile,0.95,90.87062470624686
2023-11-04,3,wk inc hosp,2023-11-25,45,quantile,0.975,108.96134136341344
2023-11-04,3,wk inc hosp,2023-11-25,45,quantile,0.99,124.6176791767915
2023-11-04,3,wk inc hosp,2023-11-25,46,quantile,0.01,0
2023-11-04,3,wk inc hosp,2023-11-25,46,quantile,0.025,0
2023-11-04,3,wk inc hosp,2023-11-25,46,quantile,0.05,0
2023-11-04,3,wk inc hosp,2023-11-25,46,quantile,0.1,0
2023-11-04,3,wk inc hosp,2023-11-25,46,quantile,0.15,0
2023-11-04,3,wk inc hosp,2023-11-25,46,quantile,0.2,0
2023-11-04,3,wk inc hosp,2023-11-25,46,quantile,0.25,0
2023-11-04,3,wk inc hosp,2023-11-25,46,quantile,0.3,0
2023-11-04,3,wk inc hosp,2023-11-25,46,quantile,0.35,0
2023-11-04,3,wk inc hosp,2023-11-25,46,quantile,0.4,0
2023-11-04,3,wk inc hosp,2023-11-25,46,quantile,0.45,1.5543550435504363
2023-11-04,3,wk inc hosp,2023-11-25,46,quantile,0.5,3
2023-11-04,3,wk inc hosp,2023-11-25,46,quantile,0.55,4
2023-11-04,3,wk inc hosp,2023-11-25,46,quantile,0.6,5.45206252062521
2023-11-04,3,wk inc hosp,2023-11-25,46,quantile,0.65,7
2023-11-04,3,wk inc hosp,2023-11-25,46,quantile,0.7,9
2023-11-04,3,wk inc hosp,2023-11-25,46,quantile,0.75,11
2023-11-04,3,wk inc hosp,2023-11-25,46,quantile,0.8,13
2023-11-04,3,wk inc hosp,2023-11-25,46,quantile,0.85,16.03588485884859
2023-11-04,3,wk inc hosp,2023-11-25,46,quantile,0.9,20.78529685296852
2023-11-04,3,wk inc hosp,2023-11-25,46,quantile,0.95,28.851327513275212
2023-11-04,3,wk inc hosp,2023-11-25,46,quantile,0.975,38.05735782357824
2023-11-04,3,wk inc hosp,2023-11-25,46,quantile,0.99,49.36792157921578
2023-11-04,3,wk inc hosp,2023-11-25,47,quantile,0.01,0
2023-11-04,3,wk inc hosp,2023-11-25,47,quantile,0.025,0
2023-11-04,3,wk inc hosp,2023-11-25,47,quantile,0.05,0
2023-11-04,3,wk inc hosp,2023-11-25,47,quantile,0.1,0
2023-11-04,3,wk inc hosp,2023-11-25,47,quantile,0.15,0
2023-11-04,3,wk inc hosp,2023-11-25,47,quantile,0.2,10.688361883618848
2023-11-04,3,wk inc hosp,2023-11-25,47,quantile,0.25,18.452232022320235
2023-11-04,3,wk inc hosp,2023-11-25,47,quantile,0.3,24.844074440744414
2023-11-04,3,wk inc hosp,2023-11-25,47,quantile,0.35,30.025039750397536
2023-11-04,3,wk inc hosp,2023-11-25,47,quantile,0.4,34.8488934889349
2023-11-04,3,wk inc hosp,2023-11-25,47,quantile,0.45,39.69922699226993
2023-11-04,3,wk inc hosp,2023-11-25,47,quantile,0.5,44
2023-11-04,3,wk inc hosp,2023-11-25,47,quantile,0.55,48.75077250772509
2023-11-04,3,wk inc hosp,2023-11-25,47,quantile,0.6,53.42618326183262
2023-11-04,3,wk inc hosp,2023-11-25,47,quantile,0.65,58.45226452264524
2023-11-04,3,wk inc hosp,2023-11-25,47,quantile,0.7,63.998087980879816
2023-11-04,3,wk inc hosp,2023-11-25,47,quantile,0.75,70.80778057780579
2023-11-04,3,wk inc hosp,2023-11-25,47,quantile,0.8,79.58437884378846
2023-11-04,3,wk inc hosp,2023-11-25,47,quantile,0.85,94.26014860148601
2023-11-04,3,wk inc hosp,2023-11-25,47,quantile,0.9,129.10025100251008
2023-11-04,3,wk inc hosp,2023-11-25,47,quantile,0.95,225.6942629426294
2023-11-04,3,wk inc hosp,2023-11-25,47,quantile,0.975,257.80507805078037
2023-11-04,3,wk inc hosp,2023-11-25,47,quantile,0.99,284.0445499454991
2023-11-04,3,wk inc hosp,2023-11-25,48,quantile,0.01,0
2023-11-04,3,wk inc hosp,2023-11-25,48,quantile,0.025,0
2023-11-04,3,wk inc hosp,2023-11-25,48,quantile,0.05,0
2023-11-04,3,wk inc hosp,2023-11-25,48,quantile,0.1,0
2023-11-04,3,wk inc hosp,2023-11-25,48,quantile,0.15,41.74056790567903
2023-11-04,3,wk inc hosp,2023-11-25,48,quantile,0.2,95.51189011890122
2023-11-04,3,wk inc hosp,2023-11-25,48,quantile,0.25,136.47977479774823
2023-11-04,3,wk inc hosp,2023-11-25,48,quantile,0.3,170.35364053640535
2023-11-04,3,wk inc hosp,2023-11-25,48,quantile,0.35,197.18137481374814
2023-11-04,3,wk inc hosp,2023-11-25,48,quantile,0.4,216.70977409774096
2023-11-04,3,wk inc hosp,2023-11-25,48,quantile,0.45,231.91210012100126
2023-11-04,3,wk inc hosp,2023-11-25,48,quantile,0.5,246
2023-11-04,3,wk inc hosp,2023-11-25,48,quantile,0.55,259.7024115241166
2023-11-04,3,wk inc hosp,2023-11-25,48,quantile,0.6,275.0550855508555
2023-11-04,3,wk inc hosp,2023-11-25,48,quantile,0.65,295.07930829308305
2023-11-04,3,wk inc hosp,2023-11-25,48,quantile,0.7,322.91896618966194
2023-11-04,3,wk inc hosp,2023-11-25,48,quantile,0.75,357.1856643566436
2023-11-04,3,wk inc hosp,2023-11-25,48,quantile,0.8,398.91321613216155
2023-11-04,3,wk inc hosp,2023-11-25,48,quantile,0.85,455.6415749157489
2023-11-04,3,wk inc hosp,2023-11-25,48,quantile,0.9,529.7719797197973
2023-11-04,3,wk inc hosp,2023-11-25,48,quantile,0.95,663.6349018490182
2023-11-04,3,wk inc hosp,2023-11-25,48,quantile,0.975,765.0300228002274
2023-11-04,3,wk inc hosp,2023-11-25,48,quantile,0.99,881.5940285402852
2023-11-04,3,wk inc hosp,2023-11-25,49,quantile,0.01,0
2023-11-04,3,wk inc hosp,2023-11-25,49,quantile,0.025,0
2023-11-04,3,wk inc hosp,2023-11-25,49,quantile,0.05,0
2023-11-04,3,wk inc hosp,2023-11-25,49,quantile,0.1,0
2023-11-04,3,wk inc hosp,2023-11-25,49,quantile,0.15,0
2023-11-04,3,wk inc hosp,2023-11-25,49,quantile,0.2,0
2023-11-04,3,wk inc hosp,2023-11-25,49,quantile,0.25,0
2023-11-04,3,wk inc hosp,2023-11-25,49,quantile,0.3,0.49138091380914817
2023-11-04,3,wk inc hosp,2023-11-25,49,quantile,0.35,2
2023-11-04,3,wk inc hosp,2023-11-25,49,quantile,0.4,3
2023-11-04,3,wk inc hosp,2023-11-25,49,quantile,0.45,4
2023-11-04,3,wk inc hosp,2023-11-25,49,quantile,0.5,5
2023-11-04,3,wk inc hosp,2023-11-25,49,quantile,0.55,6.042018420184219
2023-11-04,3,wk inc hosp,2023-11-25,49,quantile,0.6,7.604406044060434
2023-11-04,3,wk inc hosp,2023-11-25,49,quantile,0.65,9
2023-11-04,3,wk inc hosp,2023-11-25,49,quantile,0.7,10
2023-11-04,3,wk inc hosp,2023-11-25,49,quantile,0.75,12
2023-11-04,3,wk inc hosp,2023-11-25,49,quantile,0.8,14.192493924939226
2023-11-04,3,wk inc hosp,2023-11-25,49,quantile,0.85,17.692272922729213
2023-11-04,3,wk inc hosp,2023-11-25,49,quantile,0.9,22.487610876108754
2023-11-04,3,wk inc hosp,2023-11-25,49,quantile,0.95,29.24199041990419
2023-11-04,3,wk inc hosp,2023-11-25,49,quantile,0.975,35.751936519365216
2023-11-04,3,wk inc hosp,2023-11-25,49,quantile,0.99,44.45286742867426
2023-11-04,3,wk inc hosp,2023-11-25,50,quantile,0.01,0
2023-11-04,3,wk inc hosp,2023-11-25,50,quantile,0.025,0
2023-11-04,3,wk inc hosp,2023-11-25,50,quantile,0.05,0
2023-11-04,3,wk inc hosp,2023-11-25,50,quantile,0.1,0
2023-11-04,3,wk inc hosp,2023-11-25,50,quantile,0.15,0
2023-11-04,3,wk inc hosp,2023-11-25,50,quantile,0.2,0
2023-11-04,3,wk inc hosp,2023-11-25,50,quantile,0.25,0
2023-11-04,3,wk inc hosp,2023-11-25,50,quantile,0.3,0
2023-11-04,3,wk inc hosp,2023-11-25,50,quantile,0.35,0
2023-11-04,3,wk inc hosp,2023-11-25,50,quantile,0.4,0
2023-11-04,3,wk inc hosp,2023-11-25,50,quantile,0.45,0
2023-11-04,3,wk inc hosp,2023-11-25,50,quantile,0.5,0
2023-11-04,3,wk inc hosp,2023-11-25,50,quantile,0.55,0
2023-11-04,3,wk inc hosp,2023-11-25,50,quantile,0.6,1
2023-11-04,3,wk inc hosp,2023-11-25,50,quantile,0.65,1
2023-11-04,3,wk inc hosp,2023-11-25,50,quantile,0.7,2
2023-11-04,3,wk inc hosp,2023-11-25,50,quantile,0.75,3
2023-11-04,3,wk inc hosp,2023-11-25,50,quantile,0.8,4
2023-11-04,3,wk inc hosp,2023-11-25,50,quantile,0.85,6
2023-11-04,3,wk inc hosp,2023-11-25,50,quantile,0.9,10.687294872948753
2023-11-04,3,wk inc hosp,2023-11-25,50,quantile,0.95,17.567874678746726
2023-11-04,3,wk inc hosp,2023-11-25,50,quantile,0.975,27.097288722887328
2023-11-04,3,wk inc hosp,2023-11-25,50,quantile,0.99,34.861918819188105
2023-11-04,3,wk inc hosp,2023-11-25,51,quantile,0.01,0
2023-11-04,3,wk inc hosp,2023-11-25,51,quantile,0.025,0
2023-11-04,3,wk inc hosp,2023-11-25,51,quantile,0.05,0
2023-11-04,3,wk inc hosp,2023-11-25,51,quantile,0.1,0
2023-11-04,3,wk inc hosp,2023-11-25,51,quantile,0.15,15.669272192721929
2023-11-04,3,wk inc hosp,2023-11-25,51,quantile,0.2,29
2023-11-04,3,wk inc hosp,2023-11-25,51,quantile,0.25,37
2023-11-04,3,wk inc hosp,2023-11-25,51,quantile,0.3,43
2023-11-04,3,wk inc hosp,2023-11-25,51,quantile,0.35,48.03139381393814
2023-11-04,3,wk inc hosp,2023-11-25,51,quantile,0.4,52.989979899799
2023-11-04,3,wk inc hosp,2023-11-25,51,quantile,0.45,57
2023-11-04,3,wk inc hosp,2023-11-25,51,quantile,0.5,61
2023-11-04,3,wk inc hosp,2023-11-25,51,quantile,0.55,65
2023-11-04,3,wk inc hosp,2023-11-25,51,quantile,0.6,69.38862188621889
2023-11-04,3,wk inc hosp,2023-11-25,51,quantile,0.65,74
2023-11-04,3,wk inc hosp,2023-11-25,51,quantile,0.7,79.22257222572225
2023-11-04,3,wk inc hosp,2023-11-25,51,quantile,0.75,85.5280052800528
2023-11-04,3,wk inc hosp,2023-11-25,51,quantile,0.8,94.21484814848151
2023-11-04,3,wk inc hosp,2023-11-25,51,quantile,0.85,110.53499584995852
2023-11-04,3,wk inc hosp,2023-11-25,51,quantile,0.9,145.8060750607507
2023-11-04,3,wk inc hosp,2023-11-25,51,quantile,0.95,181.05389253892554
2023-11-04,3,wk inc hosp,2023-11-25,51,quantile,0.975,201.10057425574257
2023-11-04,3,wk inc hosp,2023-11-25,51,quantile,0.99,226.77156531565242
2023-11-04,3,wk inc hosp,2023-11-25,53,quantile,0.01,0
2023-11-04,3,wk inc hosp,2023-11-25,53,quantile,0.025,0
2023-11-04,3,wk inc hosp,2023-11-25,53,quantile,0.05,0
2023-11-04,3,wk inc hosp,2023-11-25,53,quantile,0.1,0
2023-11-04,3,wk inc hosp,2023-11-25,53,quantile,0.15,0
2023-11-04,3,wk inc hosp,2023-11-25,53,quantile,0.2,0
2023-11-04,3,wk inc hosp,2023-11-25,53,quantile,0.25,0
2023-11-04,3,wk inc hosp,2023-11-25,53,quantile,0.3,0
2023-11-04,3,wk inc hosp,2023-11-25,53,quantile,0.35,0
2023-11-04,3,wk inc hosp,2023-11-25,53,quantile,0.4,2.3926449264492584
2023-11-04,3,wk inc hosp,2023-11-25,53,quantile,0.45,5.228535785357865
2023-11-04,3,wk inc hosp,2023-11-25,53,quantile,0.5,8
2023-11-04,3,wk inc hosp,2023-11-25,53,quantile,0.55,11.005341553415548
2023-11-04,3,wk inc hosp,2023-11-25,53,quantile,0.6,14.399144991449893
2023-11-04,3,wk inc hosp,2023-11-25,53,quantile,0.65,17.826886768867723
2023-11-04,3,wk inc hosp,2023-11-25,53,quantile,0.7,22.094352943529433
2023-11-04,3,wk inc hosp,2023-11-25,53,quantile,0.75,27.768915189151684
2023-11-04,3,wk inc hosp,2023-11-25,53,quantile,0.8,36.27709377093778
2023-11-04,3,wk inc hosp,2023-11-25,53,quantile,0.85,56.3448929489295
2023-11-04,3,wk inc hosp,2023-11-25,53,quantile,0.9,98.22752827528285
2023-11-04,3,wk inc hosp,2023-11-25,53,quantile,0.95,182.03676236762277
2023-11-04,3,wk inc hosp,2023-11-25,53,quantile,0.975,283.65618531185225
2023-11-04,3,wk inc hosp,2023-11-25,53,quantile,0.99,343.43009900099077
2023-11-04,3,wk inc hosp,2023-11-25,54,quantile,0.01,0
2023-11-04,3,wk inc hosp,2023-11-25,54,quantile,0.025,0
2023-11-04,3,wk inc hosp,2023-11-25,54,quantile,0.05,0
2023-11-04,3,wk inc hosp,2023-11-25,54,quantile,0.1,0
2023-11-04,3,wk inc hosp,2023-11-25,54,quantile,0.15,0
2023-11-04,3,wk inc hosp,2023-11-25,54,quantile,0.2,0
2023-11-04,3,wk inc hosp,2023-11-25,54,quantile,0.25,0
2023-11-04,3,wk inc hosp,2023-11-25,54,quantile,0.3,0
2023-11-04,3,wk inc hosp,2023-11-25,54,quantile,0.35,0
2023-11-04,3,wk inc hosp,2023-11-25,54,quantile,0.4,0
2023-11-04,3,wk inc hosp,2023-11-25,54,quantile,0.45,1.9529445294452987
2023-11-04,3,wk inc hosp,2023-11-25,54,quantile,0.5,4
2023-11-04,3,wk inc hosp,2023-11-25,54,quantile,0.55,6.3430314303143085
2023-11-04,3,wk inc hosp,2023-11-25,54,quantile,0.6,8.952944529445299
2023-11-04,3,wk inc hosp,2023-11-25,54,quantile,0.65,11.041115911159116
2023-11-04,3,wk inc hosp,2023-11-25,54,quantile,0.7,14.170359703597036
2023-11-04,3,wk inc hosp,2023-11-25,54,quantile,0.75,18.236747367473683
2023-11-04,3,wk inc hosp,2023-11-25,54,quantile,0.8,24.293379933799358
2023-11-04,3,wk inc hosp,2023-11-25,54,quantile,0.85,34.58319883198833
2023-11-04,3,wk inc hosp,2023-11-25,54,quantile,0.9,47.329388293882985
2023-11-04,3,wk inc hosp,2023-11-25,54,quantile,0.95,71.91871618716186
2023-11-04,3,wk inc hosp,2023-11-25,54,quantile,0.975,106.7305188051878
2023-11-04,3,wk inc hosp,2023-11-25,54,quantile,0.99,129.6974962749627
2023-11-04,3,wk inc hosp,2023-11-25,55,quantile,0.01,0
2023-11-04,3,wk inc hosp,2023-11-25,55,quantile,0.025,0
2023-11-04,3,wk inc hosp,2023-11-25,55,quantile,0.05,0
2023-11-04,3,wk inc hosp,2023-11-25,55,quantile,0.1,0
2023-11-04,3,wk inc hosp,2023-11-25,55,quantile,0.15,0
2023-11-04,3,wk inc hosp,2023-11-25,55,quantile,0.2,0
2023-11-04,3,wk inc hosp,2023-11-25,55,quantile,0.25,0
2023-11-04,3,wk inc hosp,2023-11-25,55,quantile,0.3,0
2023-11-04,3,wk inc hosp,2023-11-25,55,quantile,0.35,0
2023-11-04,3,wk inc hosp,2023-11-25,55,quantile,0.4,1.3615036150361561
2023-11-04,3,wk inc hosp,2023-11-25,55,quantile,0.45,4.317469674696825
2023-11-04,3,wk inc hosp,2023-11-25,55,quantile,0.5,7
2023-11-04,3,wk inc hosp,2023-11-25,55,quantile,0.55,10.011869118691198
2023-11-04,3,wk inc hosp,2023-11-25,55,quantile,0.6,13.222636226362276
2023-11-04,3,wk inc hosp,2023-11-25,55,quantile,0.65,16.468883688836886
2023-11-04,3,wk inc hosp,2023-11-25,55,quantile,0.7,20.792178921789223
2023-11-04,3,wk inc hosp,2023-11-25,55,quantile,0.75,26.361503615036156
2023-11-04,3,wk inc hosp,2023-11-25,55,quantile,0.8,34.01943219432199
2023-11-04,3,wk inc hosp,2023-11-25,55,quantile,0.85,46.61326263262632
2023-11-04,3,wk inc hosp,2023-11-25,55,quantile,0.9,67.86517365173658
2023-11-04,3,wk inc hosp,2023-11-25,55,quantile,0.95,147.44616996169955
2023-11-04,3,wk inc hosp,2023-11-25,55,quantile,0.975,175.79150716507115
2023-11-04,3,wk inc hosp,2023-11-25,55,quantile,0.99,212.0834356343572
2023-11-04,3,wk inc hosp,2023-11-25,56,quantile,0.01,0
2023-11-04,3,wk inc hosp,2023-11-25,56,quantile,0.025,0
2023-11-04,3,wk inc hosp,2023-11-25,56,quantile,0.05,0
2023-11-04,3,wk inc hosp,2023-11-25,56,quantile,0.1,0
2023-11-04,3,wk inc hosp,2023-11-25,56,quantile,0.15,0
2023-11-04,3,wk inc hosp,2023-11-25,56,quantile,0.2,0
2023-11-04,3,wk inc hosp,2023-11-25,56,quantile,0.25,0
2023-11-04,3,wk inc hosp,2023-11-25,56,quantile,0.3,0
2023-11-04,3,wk inc hosp,2023-11-25,56,quantile,0.35,0
2023-11-04,3,wk inc hosp,2023-11-25,56,quantile,0.4,0
2023-11-04,3,wk inc hosp,2023-11-25,56,quantile,0.45,0
2023-11-04,3,wk inc hosp,2023-11-25,56,quantile,0.5,0
2023-11-04,3,wk inc hosp,2023-11-25,56,quantile,0.55,1
2023-11-04,3,wk inc hosp,2023-11-25,56,quantile,0.6,1
2023-11-04,3,wk inc hosp,2023-11-25,56,quantile,0.65,2
2023-11-04,3,wk inc hosp,2023-11-25,56,quantile,0.7,3
2023-11-04,3,wk inc hosp,2023-11-25,56,quantile,0.75,4.187081870818702
2023-11-04,3,wk inc hosp,2023-11-25,56,quantile,0.8,6
2023-11-04,3,wk inc hosp,2023-11-25,56,quantile,0.85,8
2023-11-04,3,wk inc hosp,2023-11-25,56,quantile,0.9,13.049383493834952
2023-11-04,3,wk inc hosp,2023-11-25,56,quantile,0.95,23.699035990359697
2023-11-04,3,wk inc hosp,2023-11-25,56,quantile,0.975,32.11627441274411
2023-11-04,3,wk inc hosp,2023-11-25,56,quantile,0.99,38.31512195121937
2023-11-04,3,wk inc hosp,2023-11-25,72,quantile,0.01,82.23033120331205
2023-11-04,3,wk inc hosp,2023-11-25,72,quantile,0.025,96.88493809938099
2023-11-04,3,wk inc hosp,2023-11-25,72,quantile,0.05,109.25931309313094
2023-11-04,3,wk inc hosp,2023-11-25,72,quantile,0.1,123.72958329583295
2023-11-04,3,wk inc hosp,2023-11-25,72,quantile,0.15,132.74456494564947
2023-11-04,3,wk inc hosp,2023-11-25,72,quantile,0.2,139.259754597546
2023-11-04,3,wk inc hosp,2023-11-25,72,quantile,0.25,144.5060975609756
2023-11-04,3,wk inc hosp,2023-11-25,72,quantile,0.3,149
2023-11-04,3,wk inc hosp,2023-11-25,72,quantile,0.35,153.04753897538976
2023-11-04,3,wk inc hosp,2023-11-25,72,quantile,0.4,157
2023-11-04,3,wk inc hosp,2023-11-25,72,quantile,0.45,160.57856528565287
2023-11-04,3,wk inc hosp,2023-11-25,72,quantile,0.5,164
2023-11-04,3,wk inc hosp,2023-11-25,72,quantile,0.55,167.58930189301893
2023-11-04,3,wk inc hosp,2023-11-25,72,quantile,0.6,171.09388493884938
2023-11-04,3,wk inc hosp,2023-11-25,72,quantile,0.65,175
2023-11-04,3,wk inc hosp,2023-11-25,72,quantile,0.7,179
2023-11-04,3,wk inc hosp,2023-11-25,72,quantile,0.75,183.42045920459205
2023-11-04,3,wk inc hosp,2023-11-25,72,quantile,0.8,188.66433864338646
2023-11-04,3,wk inc hosp,2023-11-25,72,quantile,0.85,195
2023-11-04,3,wk inc hosp,2023-11-25,72,quantile,0.9,204.00013700137004
2023-11-04,3,wk inc hosp,2023-11-25,72,quantile,0.95,218.75067550675496
2023-11-04,3,wk inc hosp,2023-11-25,72,quantile,0.975,231.28130306303055
2023-11-04,3,wk inc hosp,2023-11-25,72,quantile,0.99,245.77442364423652
2023-11-04,3,wk inc hosp,2023-11-25,US,quantile,0.01,0
2023-11-04,3,wk inc hosp,2023-11-25,US,quantile,0.025,0
2023-11-04,3,wk inc hosp,2023-11-25,US,quantile,0.05,0
2023-11-04,3,wk inc hosp,2023-11-25,US,quantile,0.1,0
2023-11-04,3,wk inc hosp,2023-11-25,US,quantile,0.15,0
2023-11-04,3,wk inc hosp,2023-11-25,US,quantile,0.2,510.4886528865293
2023-11-04,3,wk inc hosp,2023-11-25,US,quantile,0.25,937.1315263152634
2023-11-04,3,wk inc hosp,2023-11-25,US,quantile,0.3,1146.754869548699
2023-11-04,3,wk inc hosp,2023-11-25,US,quantile,0.35,1290.7121316213163
2023-11-04,3,wk inc hosp,2023-11-25,US,quantile,0.4,1406.6249462494627
2023-11-04,3,wk inc hosp,2023-11-25,US,quantile,0.45,1512.6055565555657
2023-11-04,3,wk inc hosp,2023-11-25,US,quantile,0.5,1610
2023-11-04,3,wk inc hosp,2023-11-25,US,quantile,0.55,1710.1903919039191
2023-11-04,3,wk inc hosp,2023-11-25,US,quantile,0.6,1815.1885558855583
2023-11-04,3,wk inc hosp,2023-11-25,US,quantile,0.65,1936.1620031200314
2023-11-04,3,wk inc hosp,2023-11-25,US,quantile,0.7,2087.5544165441643
2023-11-04,3,wk inc hosp,2023-11-25,US,quantile,0.75,2313.723449734499
2023-11-04,3,wk inc hosp,2023-11-25,US,quantile,0.8,2845.25707857079
2023-11-04,3,wk inc hosp,2023-11-25,US,quantile,0.85,3702.2349978499774
2023-11-04,3,wk inc hosp,2023-11-25,US,quantile,0.9,4315.522197221972
2023-11-04,3,wk inc hosp,2023-11-25,US,quantile,0.95,7287.278200281993
2023-11-04,3,wk inc hosp,2023-11-25,US,quantile,0.975,8897.587178621778
2023-11-04,3,wk inc hosp,2023-11-25,US,quantile,0.99,9944.930137501357
2023-11-04,4,wk inc hosp,2023-12-02,01,quantile,0.01,0
2023-11-04,4,wk inc hosp,2023-12-02,01,quantile,0.025,0
2023-11-04,4,wk inc hosp,2023-12-02,01,quantile,0.05,0
2023-11-04,4,wk inc hosp,2023-12-02,01,quantile,0.1,0
2023-11-04,4,wk inc hosp,2023-12-02,01,quantile,0.15,0
2023-11-04,4,wk inc hosp,2023-12-02,01,quantile,0.2,0.3170561705616748
2023-11-04,4,wk inc hosp,2023-12-02,01,quantile,0.25,7.933799337993218
2023-11-04,4,wk inc hosp,2023-12-02,01,quantile,0.3,14.144034440344385
2023-11-04,4,wk inc hosp,2023-12-02,01,quantile,0.35,19.15839558395583
2023-11-04,4,wk inc hosp,2023-12-02,01,quantile,0.4,23.668781687816868
2023-11-04,4,wk inc hosp,2023-12-02,01,quantile,0.45,27.780793807938064
2023-11-04,4,wk inc hosp,2023-12-02,01,quantile,0.5,32
2023-11-04,4,wk inc hosp,2023-12-02,01,quantile,0.55,36.13662586625873
2023-11-04,4,wk inc hosp,2023-12-02,01,quantile,0.6,40.5591085910859
2023-11-04,4,wk inc hosp,2023-12-02,01,quantile,0.65,45.04820198201983
2023-11-04,4,wk inc hosp,2023-12-02,01,quantile,0.7,50.449601496014964
2023-11-04,4,wk inc hosp,2023-12-02,01,quantile,0.75,56.9169841698417
2023-11-04,4,wk inc hosp,2023-12-02,01,quantile,0.8,66.38500885008852
2023-11-04,4,wk inc hosp,2023-12-02,01,quantile,0.85,81.67187621876216
2023-11-04,4,wk inc hosp,2023-12-02,01,quantile,0.9,109.04248542485406
2023-11-04,4,wk inc hosp,2023-12-02,01,quantile,0.95,144.24165741657407
2023-11-04,4,wk inc hosp,2023-12-02,01,quantile,0.975,164.43840088400884
2023-11-04,4,wk inc hosp,2023-12-02,01,quantile,0.99,190.61391113911083
2023-11-04,4,wk inc hosp,2023-12-02,02,quantile,0.01,0
2023-11-04,4,wk inc hosp,2023-12-02,02,quantile,0.025,0
2023-11-04,4,wk inc hosp,2023-12-02,02,quantile,0.05,4.567160171601719
2023-11-04,4,wk inc hosp,2023-12-02,02,quantile,0.1,11.170182701827018
2023-11-04,4,wk inc hosp,2023-12-02,02,quantile,0.15,16
2023-11-04,4,wk inc hosp,2023-12-02,02,quantile,0.2,19.374687746877473
2023-11-04,4,wk inc hosp,2023-12-02,02,quantile,0.25,22
2023-11-04,4,wk inc hosp,2023-12-02,02,quantile,0.3,24
2023-11-04,4,wk inc hosp,2023-12-02,02,quantile,0.35,26
2023-11-04,4,wk inc hosp,2023-12-02,02,quantile,0.4,27
2023-11-04,4,wk inc hosp,2023-12-02,02,quantile,0.45,28.79227492274924
2023-11-04,4,wk inc hosp,2023-12-02,02,quantile,0.5,30
2023-11-04,4,wk inc hosp,2023-12-02,02,quantile,0.55,31.060571105711055
2023-11-04,4,wk inc hosp,2023-12-02,02,quantile,0.6,33
2023-11-04,4,wk inc hosp,2023-12-02,02,quantile,0.65,34
2023-11-04,4,wk inc hosp,2023-12-02,02,quantile,0.7,36
2023-11-04,4,wk inc hosp,2023-12-02,02,quantile,0.75,38
2023-11-04,4,wk inc hosp,2023-12-02,02,quantile,0.8,40.58465984659847
2023-11-04,4,wk inc hosp,2023-12-02,02,quantile,0.85,44
2023-11-04,4,wk inc hosp,2023-12-02,02,quantile,0.9,48.71774117741179
2023-11-04,4,wk inc hosp,2023-12-02,02,quantile,0.95,55.44801848018471
2023-11-04,4,wk inc hosp,2023-12-02,02,quantile,0.975,61.06687466874671
2023-11-04,4,wk inc hosp,2023-12-02,02,quantile,0.99,68.71267412674115
2023-11-04,4,wk inc hosp,2023-12-02,04,quantile,0.01,0
2023-11-04,4,wk inc hosp,2023-12-02,04,quantile,0.025,0
2023-11-04,4,wk inc hosp,2023-12-02,04,quantile,0.05,0
2023-11-04,4,wk inc hosp,2023-12-02,04,quantile,0.1,0
2023-11-04,4,wk inc hosp,2023-12-02,04,quantile,0.15,0
2023-11-04,4,wk inc hosp,2023-12-02,04,quantile,0.2,0
2023-11-04,4,wk inc hosp,2023-12-02,04,quantile,0.25,3.5833933339333583
2023-11-04,4,wk inc hosp,2023-12-02,04,quantile,0.3,15.316073160731582
2023-11-04,4,wk inc hosp,2023-12-02,04,quantile,0.35,24.962490624906195
2023-11-04,4,wk inc hosp,2023-12-02,04,quantile,0.4,33.57621376213765
2023-11-04,4,wk inc hosp,2023-12-02,04,quantile,0.45,41.212175121751216
2023-11-04,4,wk inc hosp,2023-12-02,04,quantile,0.5,49
2023-11-04,4,wk inc hosp,2023-12-02,04,quantile,0.55,56.58906189061891
2023-11-04,4,wk inc hosp,2023-12-02,04,quantile,0.6,64.66960869608695
2023-11-04,4,wk inc hosp,2023-12-02,04,quantile,0.65,73.70252402524028
2023-11-04,4,wk inc hosp,2023-12-02,04,quantile,0.7,84.50802608026078
2023-11-04,4,wk inc hosp,2023-12-02,04,quantile,0.75,98.15926909269092
2023-11-04,4,wk inc hosp,2023-12-02,04,quantile,0.8,117.42131821318219
2023-11-04,4,wk inc hosp,2023-12-02,04,quantile,0.85,151.6952904529042
2023-11-04,4,wk inc hosp,2023-12-02,04,quantile,0.9,224.1092970929707
2023-11-04,4,wk inc hosp,2023-12-02,04,quantile,0.95,289.33502235022326
2023-11-04,4,wk inc hosp,2023-12-02,04,quantile,0.975,328.3416189161891
2023-11-04,4,wk inc hosp,2023-12-02,04,quantile,0.99,389.1632466324654
2023-11-04,4,wk inc hosp,2023-12-02,05,quantile,0.01,0
2023-11-04,4,wk inc hosp,2023-12-02,05,quantile,0.025,0
2023-11-04,4,wk inc hosp,2023-12-02,05,quantile,0.05,0
2023-11-04,4,wk inc hosp,2023-12-02,05,quantile,0.1,0
2023-11-04,4,wk inc hosp,2023-12-02,05,quantile,0.15,0
2023-11-04,4,wk inc hosp,2023-12-02,05,quantile,0.2,0
2023-11-04,4,wk inc hosp,2023-12-02,05,quantile,0.25,0
2023-11-04,4,wk inc hosp,2023-12-02,05,quantile,0.3,0
2023-11-04,4,wk inc hosp,2023-12-02,05,quantile,0.35,1.1925004250042501
2023-11-04,4,wk inc hosp,2023-12-02,05,quantile,0.4,5.425928259282598
2023-11-04,4,wk inc hosp,2023-12-02,05,quantile,0.45,9.095068450684515
2023-11-04,4,wk inc hosp,2023-12-02,05,quantile,0.5,13
2023-11-04,4,wk inc hosp,2023-12-02,05,quantile,0.55,17
2023-11-04,4,wk inc hosp,2023-12-02,05,quantile,0.6,21
2023-11-04,4,wk inc hosp,2023-12-02,05,quantile,0.65,25.698931989319895
2023-11-04,4,wk inc hosp,2023-12-02,05,quantile,0.7,31.113941139411395
2023-11-04,4,wk inc hosp,2023-12-02,05,quantile,0.75,38.204104541045425
2023-11-04,4,wk inc hosp,2023-12-02,05,quantile,0.8,48.170107701077086
2023-11-04,4,wk inc hosp,2023-12-02,05,quantile,0.85,61.219716697167065
2023-11-04,4,wk inc hosp,2023-12-02,05,quantile,0.9,78.16466864668648
2023-11-04,4,wk inc hosp,2023-12-02,05,quantile,0.95,111.0142141421409
2023-11-04,4,wk inc hosp,2023-12-02,05,quantile,0.975,146.14623796237944
2023-11-04,4,wk inc hosp,2023-12-02,05,quantile,0.99,187.5750376503766
2023-11-04,4,wk inc hosp,2023-12-02,06,quantile,0.01,0
2023-11-04,4,wk inc hosp,2023-12-02,06,quantile,0.025,0
2023-11-04,4,wk inc hosp,2023-12-02,06,quantile,0.05,0
2023-11-04,4,wk inc hosp,2023-12-02,06,quantile,0.1,0
2023-11-04,4,wk inc hosp,2023-12-02,06,quantile,0.15,0
2023-11-04,4,wk inc hosp,2023-12-02,06,quantile,0.2,0
2023-11-04,4,wk inc hosp,2023-12-02,06,quantile,0.25,0
2023-11-04,4,wk inc hosp,2023-12-02,06,quantile,0.3,16.879753797537973
2023-11-04,4,wk inc hosp,2023-12-02,06,quantile,0.35,34.88569735697354
2023-11-04,4,wk inc hosp,2023-12-02,06,quantile,0.4,49.85487454874548
2023-11-04,4,wk inc hosp,2023-12-02,06,quantile,0.45,63.28902389023894
2023-11-04,4,wk inc hosp,2023-12-02,06,quantile,0.5,76
2023-11-04,4,wk inc hosp,2023-12-02,06,quantile,0.55,89.08820588205887
2023-11-04,4,wk inc hosp,2023-12-02,06,quantile,0.6,103.01774417744173
2023-11-04,4,wk inc hosp,2023-12-02,06,quantile,0.65,119.45739307393075
2023-11-04,4,wk inc hosp,2023-12-02,06,quantile,0.7,140.82214022140232
2023-11-04,4,wk inc hosp,2023-12-02,06,quantile,0.75,173.61017610176108
2023-11-04,4,wk inc hosp,2023-12-02,06,quantile,0.8,247.20697806978077
2023-11-04,4,wk inc hosp,2023-12-02,06,quantile,0.85,452.12544975449583
2023-11-04,4,wk inc hosp,2023-12-02,06,quantile,0.9,611.9260602606031
2023-11-04,4,wk inc hosp,2023-12-02,06,quantile,0.95,813.5900544005434
2023-11-04,4,wk inc hosp,2023-12-02,06,quantile,0.975,972.7145053950532
2023-11-04,4,wk inc hosp,2023-12-02,06,quantile,0.99,1194.6032602326027
2023-11-04,4,wk inc hosp,2023-12-02,08,quantile,0.01,0
2023-11-04,4,wk inc hosp,2023-12-02,08,quantile,0.025,0
2023-11-04,4,wk inc hosp,2023-12-02,08,quantile,0.05,0
2023-11-04,4,wk inc hosp,2023-12-02,08,quantile,0.1,0
2023-11-04,4,wk inc hosp,2023-12-02,08,quantile,0.15,0
2023-11-04,4,wk inc hosp,2023-12-02,08,quantile,0.2,0
2023-11-04,4,wk inc hosp,2023-12-02,08,quantile,0.25,0
2023-11-04,4,wk inc hosp,2023-12-02,08,quantile,0.3,0
2023-11-04,4,wk inc hosp,2023-12-02,08,quantile,0.35,3.7684391843918466
2023-11-04,4,wk inc hosp,2023-12-02,08,quantile,0.4,9.128959289592864
2023-11-04,4,wk inc hosp,2023-12-02,08,quantile,0.45,14.19880698806988
2023-11-04,4,wk inc hosp,2023-12-02,08,quantile,0.5,19
2023-11-04,4,wk inc hosp,2023-12-02,08,quantile,0.55,24.035350853508543
2023-11-04,4,wk inc hosp,2023-12-02,08,quantile,0.6,29.629578295782995
2023-11-04,4,wk inc hosp,2023-12-02,08,quantile,0.65,35.429415294152975
2023-11-04,4,wk inc hosp,2023-12-02,08,quantile,0.7,42.27229572295722
2023-11-04,4,wk inc hosp,2023-12-02,08,quantile,0.75,50.727902279022764
2023-11-04,4,wk inc hosp,2023-12-02,08,quantile,0.8,60.92484724847247
2023-11-04,4,wk inc hosp,2023-12-02,08,quantile,0.85,73.80301753017532
2023-11-04,4,wk inc hosp,2023-12-02,08,quantile,0.9,91.39166091660917
2023-11-04,4,wk inc hosp,2023-12-02,08,quantile,0.95,118.30510155101545
2023-11-04,4,wk inc hosp,2023-12-02,08,quantile,0.975,144.56704842048418
2023-11-04,4,wk inc hosp,2023-12-02,08,quantile,0.99,175.56945479454782
2023-11-04,4,wk inc hosp,2023-12-02,09,quantile,0.01,0
2023-11-04,4,wk inc hosp,2023-12-02,09,quantile,0.025,0
2023-11-04,4,wk inc hosp,2023-12-02,09,quantile,0.05,0
2023-11-04,4,wk inc hosp,2023-12-02,09,quantile,0.1,0
2023-11-04,4,wk inc hosp,2023-12-02,09,quantile,0.15,0
2023-11-04,4,wk inc hosp,2023-12-02,09,quantile,0.2,0
2023-11-04,4,wk inc hosp,2023-12-02,09,quantile,0.25,0
2023-11-04,4,wk inc hosp,2023-12-02,09,quantile,0.3,0
2023-11-04,4,wk inc hosp,2023-12-02,09,quantile,0.35,0
2023-11-04,4,wk inc hosp,2023-12-02,09,quantile,0.4,1.6207872078720964
2023-11-04,4,wk inc hosp,2023-12-02,09,quantile,0.45,4.364054640546411
2023-11-04,4,wk inc hosp,2023-12-02,09,quantile,0.5,7
2023-11-04,4,wk inc hosp,2023-12-02,09,quantile,0.55,9.962034620346204
2023-11-04,4,wk inc hosp,2023-12-02,09,quantile,0.6,12.962034620346204
2023-11-04,4,wk inc hosp,2023-12-02,09,quantile,0.65,16.886127361273626
2023-11-04,4,wk inc hosp,2023-12-02,09,quantile,0.7,21.064662646626466
2023-11-04,4,wk inc hosp,2023-12-02,09,quantile,0.75,26.815933159331593
2023-11-04,4,wk inc hosp,2023-12-02,09,quantile,0.8,34.78203882038854
2023-11-04,4,wk inc hosp,2023-12-02,09,quantile,0.85,47.52383273832735
2023-11-04,4,wk inc hosp,2023-12-02,09,quantile,0.9,70.13429234292349
2023-11-04,4,wk inc hosp,2023-12-02,09,quantile,0.95,105.23094680946751
2023-11-04,4,wk inc hosp,2023-12-02,09,quantile,0.975,145.22899378993654
2023-11-04,4,wk inc hosp,2023-12-02,09,quantile,0.99,208.23859078590695
2023-11-04,4,wk inc hosp,2023-12-02,10,quantile,0.01,0
2023-11-04,4,wk inc hosp,2023-12-02,10,quantile,0.025,0
2023-11-04,4,wk inc hosp,2023-12-02,10,quantile,0.05,0
2023-11-04,4,wk inc hosp,2023-12-02,10,quantile,0.1,0
2023-11-04,4,wk inc hosp,2023-12-02,10,quantile,0.15,0
2023-11-04,4,wk inc hosp,2023-12-02,10,quantile,0.2,0
2023-11-04,4,wk inc hosp,2023-12-02,10,quantile,0.25,0
2023-11-04,4,wk inc hosp,2023-12-02,10,quantile,0.3,0
2023-11-04,4,wk inc hosp,2023-12-02,10,quantile,0.35,0
2023-11-04,4,wk inc hosp,2023-12-02,10,quantile,0.4,0
2023-11-04,4,wk inc hosp,2023-12-02,10,quantile,0.45,0
2023-11-04,4,wk inc hosp,2023-12-02,10,quantile,0.5,1
2023-11-04,4,wk inc hosp,2023-12-02,10,quantile,0.55,2
2023-11-04,4,wk inc hosp,2023-12-02,10,quantile,0.6,3
2023-11-04,4,wk inc hosp,2023-12-02,10,quantile,0.65,4.112678126781261
2023-11-04,4,wk inc hosp,2023-12-02,10,quantile,0.7,6
2023-11-04,4,wk inc hosp,2023-12-02,10,quantile,0.75,8
2023-11-04,4,wk inc hosp,2023-12-02,10,quantile,0.8,10.55394953949542
2023-11-04,4,wk inc hosp,2023-12-02,10,quantile,0.85,15.17849978499786
2023-11-04,4,wk inc hosp,2023-12-02,10,quantile,0.9,26.960541605415916
2023-11-04,4,wk inc hosp,2023-12-02,10,quantile,0.95,40.92284272842731
2023-11-04,4,wk inc hosp,2023-12-02,10,quantile,0.975,49.87261872618707
2023-11-04,4,wk inc hosp,2023-12-02,10,quantile,0.99,58.81472954729541
2023-11-04,4,wk inc hosp,2023-12-02,11,quantile,0.01,0
2023-11-04,4,wk inc hosp,2023-12-02,11,quantile,0.025,0
2023-11-04,4,wk inc hosp,2023-12-02,11,quantile,0.05,0
2023-11-04,4,wk inc hosp,2023-12-02,11,quantile,0.1,0
2023-11-04,4,wk inc hosp,2023-12-02,11,quantile,0.15,0
2023-11-04,4,wk inc hosp,2023-12-02,11,quantile,0.2,0
2023-11-04,4,wk inc hosp,2023-12-02,11,quantile,0.25,0
2023-11-04,4,wk inc hosp,2023-12-02,11,quantile,0.3,0
2023-11-04,4,wk inc hosp,2023-12-02,11,quantile,0.35,0
2023-11-04,4,wk inc hosp,2023-12-02,11,quantile,0.4,0
2023-11-04,4,wk inc hosp,2023-12-02,11,quantile,0.45,0.6011760117601188
2023-11-04,4,wk inc hosp,2023-12-02,11,quantile,0.5,1
2023-11-04,4,wk inc hosp,2023-12-02,11,quantile,0.55,1.6011760117601188
2023-11-04,4,wk inc hosp,2023-12-02,11,quantile,0.6,2.601176011760119
2023-11-04,4,wk inc hosp,2023-12-02,11,quantile,0.65,3.601176011760119
2023-11-04,4,wk inc hosp,2023-12-02,11,quantile,0.7,4.601176011760119
2023-11-04,4,wk inc hosp,2023-12-02,11,quantile,0.75,5.882813828138277
2023-11-04,4,wk inc hosp,2023-12-02,11,quantile,0.8,7.89761497614978
2023-11-04,4,wk inc hosp,2023-12-02,11,quantile,0.85,10.651240512405124
2023-11-04,4,wk inc hosp,2023-12-02,11,quantile,0.9,14.982008820088208
2023-11-04,4,wk inc hosp,2023-12-02,11,quantile,0.95,21.234308843088396
2023-11-04,4,wk inc hosp,2023-12-02,11,quantile,0.975,25.191420914209157
2023-11-04,4,wk inc hosp,2023-12-02,11,quantile,0.99,30.762444724447235
2023-11-04,4,wk inc hosp,2023-12-02,12,quantile,0.01,0
2023-11-04,4,wk inc hosp,2023-12-02,12,quantile,0.025,0
2023-11-04,4,wk inc hosp,2023-12-02,12,quantile,0.05,40.94051040510408
2023-11-04,4,wk inc hosp,2023-12-02,12,quantile,0.1,113.16433064330646
2023-11-04,4,wk inc hosp,2023-12-02,12,quantile,0.15,154.78342533425334
2023-11-04,4,wk inc hosp,2023-12-02,12,quantile,0.2,188.11454814548145
2023-11-04,4,wk inc hosp,2023-12-02,12,quantile,0.25,215.69519945199448
2023-11-04,4,wk inc hosp,2023-12-02,12,quantile,0.3,239.7138991389914
2023-11-04,4,wk inc hosp,2023-12-02,12,quantile,0.35,260.6951704517044
2023-11-04,4,wk inc hosp,2023-12-02,12,quantile,0.4,279.5695486954869
2023-11-04,4,wk inc hosp,2023-12-02,12,quantile,0.45,296.61053660536606
2023-11-04,4,wk inc hosp,2023-12-02,12,quantile,0.5,313
2023-11-04,4,wk inc hosp,2023-12-02,12,quantile,0.55,329.32747427474277
2023-11-04,4,wk inc hosp,2023-12-02,12,quantile,0.6,346.92541425414254
2023-11-04,4,wk inc hosp,2023-12-02,12,quantile,0.65,365.3384633846338
2023-11-04,4,wk inc hosp,2023-12-02,12,quantile,0.7,386.1175911759118
2023-11-04,4,wk inc hosp,2023-12-02,12,quantile,0.75,410.1734017340174
2023-11-04,4,wk inc hosp,2023-12-02,12,quantile,0.8,437.8571955719556
2023-11-04,4,wk inc hosp,2023-12-02,12,quantile,0.85,471.17814778147766
2023-11-04,4,wk inc hosp,2023-12-02,12,quantile,0.9,514.0879148791488
2023-11-04,4,wk inc hosp,2023-12-02,12,quantile,0.95,587.6888253882527
2023-11-04,4,wk inc hosp,2023-12-02,12,quantile,0.975,665.6521485214913
2023-11-04,4,wk inc hosp,2023-12-02,12,quantile,0.99,785.8726233262303
2023-11-04,4,wk inc hosp,2023-12-02,13,quantile,0.01,0
2023-11-04,4,wk inc hosp,2023-12-02,13,quantile,0.025,0
2023-11-04,4,wk inc hosp,2023-12-02,13,quantile,0.05,0
2023-11-04,4,wk inc hosp,2023-12-02,13,quantile,0.1,0
2023-11-04,4,wk inc hosp,2023-12-02,13,quantile,0.15,1.4546500465004462
2023-11-04,4,wk inc hosp,2023-12-02,13,quantile,0.2,9.327791277912782
2023-11-04,4,wk inc hosp,2023-12-02,13,quantile,0.25,15.660866608666094
2023-11-04,4,wk inc hosp,2023-12-02,13,quantile,0.3,21.23511335113351
2023-11-04,4,wk inc hosp,2023-12-02,13,quantile,0.35,26.19469094690946
2023-11-04,4,wk inc hosp,2023-12-02,13,quantile,0.4,31
2023-11-04,4,wk inc hosp,2023-12-02,13,quantile,0.45,35.643116431164316
2023-11-04,4,wk inc hosp,2023-12-02,13,quantile,0.5,40
2023-11-04,4,wk inc hosp,2023-12-02,13,quantile,0.55,44.49255392553926
2023-11-04,4,wk inc hosp,2023-12-02,13,quantile,0.6,49.077494774947745
2023-11-04,4,wk inc hosp,2023-12-02,13,quantile,0.65,53.99166291662916
2023-11-04,4,wk inc hosp,2023-12-02,13,quantile,0.7,59
2023-11-04,4,wk inc hosp,2023-12-02,13,quantile,0.75,64.8167981679817
2023-11-04,4,wk inc hosp,2023-12-02,13,quantile,0.8,71.4505505055051
2023-11-04,4,wk inc hosp,2023-12-02,13,quantile,0.85,79.5090155901559
2023-11-04,4,wk inc hosp,2023-12-02,13,quantile,0.9,91.04455344553449
2023-11-04,4,wk inc hosp,2023-12-02,13,quantile,0.95,110.61665316653163
2023-11-04,4,wk inc hosp,2023-12-02,13,quantile,0.975,129.33502235022345
2023-11-04,4,wk inc hosp,2023-12-02,13,quantile,0.99,149.59968709687067
2023-11-04,4,wk inc hosp,2023-12-02,15,quantile,0.01,0
2023-11-04,4,wk inc hosp,2023-12-02,15,quantile,0.025,0
2023-11-04,4,wk inc hosp,2023-12-02,15,quantile,0.05,0
2023-11-04,4,wk inc hosp,2023-12-02,15,quantile,0.1,3
2023-11-04,4,wk inc hosp,2023-12-02,15,quantile,0.15,5.366288162881626
2023-11-04,4,wk inc hosp,2023-12-02,15,quantile,0.2,7
2023-11-04,4,wk inc hosp,2023-12-02,15,quantile,0.25,8.126241262412623
2023-11-04,4,wk inc hosp,2023-12-02,15,quantile,0.3,9.318535185351848
2023-11-04,4,wk inc hosp,2023-12-02,15,quantile,0.35,10.23736237362374
2023-11-04,4,wk inc hosp,2023-12-02,15,quantile,0.4,11
2023-11-04,4,wk inc hosp,2023-12-02,15,quantile,0.45,12
2023-11-04,4,wk inc hosp,2023-12-02,15,quantile,0.5,13
2023-11-04,4,wk inc hosp,2023-12-02,15,quantile,0.55,14
2023-11-04,4,wk inc hosp,2023-12-02,15,quantile,0.6,15
2023-11-04,4,wk inc hosp,2023-12-02,15,quantile,0.65,15.857059070590694
2023-11-04,4,wk inc hosp,2023-12-02,15,quantile,0.7,16.753003530035294
2023-11-04,4,wk inc hosp,2023-12-02,15,quantile,0.75,18
2023-11-04,4,wk inc hosp,2023-12-02,15,quantile,0.8,19
2023-11-04,4,wk inc hosp,2023-12-02,15,quantile,0.85,20.77385923859239
2023-11-04,4,wk inc hosp,2023-12-02,15,quantile,0.9,23
2023-11-04,4,wk inc hosp,2023-12-02,15,quantile,0.95,27
2023-11-04,4,wk inc hosp,2023-12-02,15,quantile,0.975,31.156327063270687
2023-11-04,4,wk inc hosp,2023-12-02,15,quantile,0.99,35.87248492484926
2023-11-04,4,wk inc hosp,2023-12-02,16,quantile,0.01,0
2023-11-04,4,wk inc hosp,2023-12-02,16,quantile,0.025,0
2023-11-04,4,wk inc hosp,2023-12-02,16,quantile,0.05,0
2023-11-04,4,wk inc hosp,2023-12-02,16,quantile,0.1,0
2023-11-04,4,wk inc hosp,2023-12-02,16,quantile,0.15,0
2023-11-04,4,wk inc hosp,2023-12-02,16,quantile,0.2,0
2023-11-04,4,wk inc hosp,2023-12-02,16,quantile,0.25,0
2023-11-04,4,wk inc hosp,2023-12-02,16,quantile,0.3,0
2023-11-04,4,wk inc hosp,2023-12-02,16,quantile,0.35,0
2023-11-04,4,wk inc hosp,2023-12-02,16,quantile,0.4,1.1097370973709615
2023-11-04,4,wk inc hosp,2023-12-02,16,quantile,0.45,2.337823378233767
2023-11-04,4,wk inc hosp,2023-12-02,16,quantile,0.5,4
2023-11-04,4,wk inc hosp,2023-12-02,16,quantile,0.55,5.337823378233767
2023-11-04,4,wk inc hosp,2023-12-02,16,quantile,0.6,7.2681866818668075
2023-11-04,4,wk inc hosp,2023-12-02,16,quantile,0.65,8.912140121401201
2023-11-04,4,wk inc hosp,2023-12-02,16,quantile,0.7,11.308340083400784
2023-11-04,4,wk inc hosp,2023-12-02,16,quantile,0.75,14.337823378233768
2023-11-04,4,wk inc hosp,2023-12-02,16,quantile,0.8,19.256130561305582
2023-11-04,4,wk inc hosp,2023-12-02,16,quantile,0.85,31.472163221632194
2023-11-04,4,wk inc hosp,2023-12-02,16,quantile,0.9,63.40673006730083
2023-11-04,4,wk inc hosp,2023-12-02,16,quantile,0.95,90.59747397473967
2023-11-04,4,wk inc hosp,2023-12-02,16,quantile,0.975,105.02182546825458
2023-11-04,4,wk inc hosp,2023-12-02,16,quantile,0.99,121.20386313863138
2023-11-04,4,wk inc hosp,2023-12-02,17,quantile,0.01,0
2023-11-04,4,wk inc hosp,2023-12-02,17,quantile,0.025,0
2023-11-04,4,wk inc hosp,2023-12-02,17,quantile,0.05,0
2023-11-04,4,wk inc hosp,2023-12-02,17,quantile,0.1,0
2023-11-04,4,wk inc hosp,2023-12-02,17,quantile,0.15,0
2023-11-04,4,wk inc hosp,2023-12-02,17,quantile,0.2,0
2023-11-04,4,wk inc hosp,2023-12-02,17,quantile,0.25,0
2023-11-04,4,wk inc hosp,2023-12-02,17,quantile,0.3,0
2023-11-04,4,wk inc hosp,2023-12-02,17,quantile,0.35,2.498070480704844
2023-11-04,4,wk inc hosp,2023-12-02,17,quantile,0.4,9.166136661366622
2023-11-04,4,wk inc hosp,2023-12-02,17,quantile,0.45,15.097843478434815
2023-11-04,4,wk inc hosp,2023-12-02,17,quantile,0.5,21
2023-11-04,4,wk inc hosp,2023-12-02,17,quantile,0.55,26.78366833668338
2023-11-04,4,wk inc hosp,2023-12-02,17,quantile,0.6,33.3330303303033
2023-11-04,4,wk inc hosp,2023-12-02,17,quantile,0.65,41.209897098971
2023-11-04,4,wk inc hosp,2023-12-02,17,quantile,0.7,51.76547365473643
2023-11-04,4,wk inc hosp,2023-12-02,17,quantile,0.75,68.16113161131614
2023-11-04,4,wk inc hosp,2023-12-02,17,quantile,0.8,97.88611586115874
2023-11-04,4,wk inc hosp,2023-12-02,17,quantile,0.85,141.28364233642333
2023-11-04,4,wk inc hosp,2023-12-02,17,quantile,0.9,192.86305863058746
2023-11-04,4,wk inc hosp,2023-12-02,17,quantile,0.95,285.7465179651795
2023-11-04,4,wk inc hosp,2023-12-02,17,quantile,0.975,356.8846528465281
2023-11-04,4,wk inc hosp,2023-12-02,17,quantile,0.99,444.20053780538126
2023-11-04,4,wk inc hosp,2023-12-02,18,quantile,0.01,0
2023-11-04,4,wk inc hosp,2023-12-02,18,quantile,0.025,0
2023-11-04,4,wk inc hosp,2023-12-02,18,quantile,0.05,0
2023-11-04,4,wk inc hosp,2023-12-02,18,quantile,0.1,0
2023-11-04,4,wk inc hosp,2023-12-02,18,quantile,0.15,0
2023-11-04,4,wk inc hosp,2023-12-02,18,quantile,0.2,0
2023-11-04,4,wk inc hosp,2023-12-02,18,quantile,0.25,0.2801528015279908
2023-11-04,4,wk inc hosp,2023-12-02,18,quantile,0.3,8.70366303663034
2023-11-04,4,wk inc hosp,2023-12-02,18,quantile,0.35,15.772494724947217
2023-11-04,4,wk inc hosp,2023-12-02,18,quantile,0.4,21.873546735467336
2023-11-04,4,wk inc hosp,2023-12-02,18,quantile,0.45,27.369155691556898
2023-11-04,4,wk inc hosp,2023-12-02,18,quantile,0.5,33
2023-11-04,4,wk inc hosp,2023-12-02,18,quantile,0.55,38.35493004930048
2023-11-04,4,wk inc hosp,2023-12-02,18,quantile,0.6,44.21076210762105
2023-11-04,4,wk inc hosp,2023-12-02,18,quantile,0.65,51.06359563595633
2023-11-04,4,wk inc hosp,2023-12-02,18,quantile,0.7,59.21076210762105
2023-11-04,4,wk inc hosp,2023-12-02,18,quantile,0.75,69.38114381143811
2023-11-04,4,wk inc hosp,2023-12-02,18,quantile,0.8,83.96390363903627
2023-11-04,4,wk inc hosp,2023-12-02,18,quantile,0.85,106.48246732467314
2023-11-04,4,wk inc hosp,2023-12-02,18,quantile,0.9,166.10098700987044
2023-11-04,4,wk inc hosp,2023-12-02,18,quantile,0.95,239.49084240842353
2023-11-04,4,wk inc hosp,2023-12-02,18,quantile,0.975,293.0880298802985
2023-11-04,4,wk inc hosp,2023-12-02,18,quantile,0.99,371.13079810797916
2023-11-04,4,wk inc hosp,2023-12-02,19,quantile,0.01,0
2023-11-04,4,wk inc hosp,2023-12-02,19,quantile,0.025,0
2023-11-04,4,wk inc hosp,2023-12-02,19,quantile,0.05,0
2023-11-04,4,wk inc hosp,2023-12-02,19,quantile,0.1,0
2023-11-04,4,wk inc hosp,2023-12-02,19,quantile,0.15,0
2023-11-04,4,wk inc hosp,2023-12-02,19,quantile,0.2,0
2023-11-04,4,wk inc hosp,2023-12-02,19,quantile,0.25,0
2023-11-04,4,wk inc hosp,2023-12-02,19,quantile,0.3,0
2023-11-04,4,wk inc hosp,2023-12-02,19,quantile,0.35,0
2023-11-04,4,wk inc hosp,2023-12-02,19,quantile,0.4,0.0019180191801977816
2023-11-04,4,wk inc hosp,2023-12-02,19,quantile,0.45,2
2023-11-04,4,wk inc hosp,2023-12-02,19,quantile,0.5,4
2023-11-04,4,wk inc hosp,2023-12-02,19,quantile,0.55,5.617541175411752
2023-11-04,4,wk inc hosp,2023-12-02,19,quantile,0.6,7.426064260642619
2023-11-04,4,wk inc hosp,2023-12-02,19,quantile,0.65,9.605239552395526
2023-11-04,4,wk inc hosp,2023-12-02,19,quantile,0.7,12
2023-11-04,4,wk inc hosp,2023-12-02,19,quantile,0.75,15.742179921799218
2023-11-04,4,wk inc hosp,2023-12-02,19,quantile,0.8,21.600276002760047
2023-11-04,4,wk inc hosp,2023-12-02,19,quantile,0.85,34.14931849318505
2023-11-04,4,wk inc hosp,2023-12-02,19,quantile,0.9,64.4285122851232
2023-11-04,4,wk inc hosp,2023-12-02,19,quantile,0.95,104.5477554775547
2023-11-04,4,wk inc hosp,2023-12-02,19,quantile,0.975,116.67597975979764
2023-11-04,4,wk inc hosp,2023-12-02,19,quantile,0.99,134.99312143121418
2023-11-04,4,wk inc hosp,2023-12-02,20,quantile,0.01,0
2023-11-04,4,wk inc hosp,2023-12-02,20,quantile,0.025,0
2023-11-04,4,wk inc hosp,2023-12-02,20,quantile,0.05,0
2023-11-04,4,wk inc hosp,2023-12-02,20,quantile,0.1,0
2023-11-04,4,wk inc hosp,2023-12-02,20,quantile,0.15,0
2023-11-04,4,wk inc hosp,2023-12-02,20,quantile,0.2,0
2023-11-04,4,wk inc hosp,2023-12-02,20,quantile,0.25,0
2023-11-04,4,wk inc hosp,2023-12-02,20,quantile,0.3,0
2023-11-04,4,wk inc hosp,2023-12-02,20,quantile,0.35,0
2023-11-04,4,wk inc hosp,2023-12-02,20,quantile,0.4,0.24387543875441225
2023-11-04,4,wk inc hosp,2023-12-02,20,quantile,0.45,2.8481934819348282
2023-11-04,4,wk inc hosp,2023-12-02,20,quantile,0.5,5
2023-11-04,4,wk inc hosp,2023-12-02,20,quantile,0.55,7.844426444264455
2023-11-04,4,wk inc hosp,2023-12-02,20,quantile,0.6,10.278133781337825
2023-11-04,4,wk inc hosp,2023-12-02,20,quantile,0.65,13.076301263012645
2023-11-04,4,wk inc hosp,2023-12-02,20,quantile,0.7,16.42505025050252
2023-11-04,4,wk inc hosp,2023-12-02,20,quantile,0.75,20.232574825748262
2023-11-04,4,wk inc hosp,2023-12-02,20,quantile,0.8,25.412025120251222
2023-11-04,4,wk inc hosp,2023-12-02,20,quantile,0.85,33.777667776677774
2023-11-04,4,wk inc hosp,2023-12-02,20,quantile,0.9,50.39852898528992
2023-11-04,4,wk inc hosp,2023-12-02,20,quantile,0.95,78.51696666966654
2023-11-04,4,wk inc hosp,2023-12-02,20,quantile,0.975,104.85936584365898
2023-11-04,4,wk inc hosp,2023-12-02,20,quantile,0.99,136.52306043060395
2023-11-04,4,wk inc hosp,2023-12-02,21,quantile,0.01,0
2023-11-04,4,wk inc hosp,2023-12-02,21,quantile,0.025,0
2023-11-04,4,wk inc hosp,2023-12-02,21,quantile,0.05,0
2023-11-04,4,wk inc hosp,2023-12-02,21,quantile,0.1,0
2023-11-04,4,wk inc hosp,2023-12-02,21,quantile,0.15,0
2023-11-04,4,wk inc hosp,2023-12-02,21,quantile,0.2,0
2023-11-04,4,wk inc hosp,2023-12-02,21,quantile,0.25,0
2023-11-04,4,wk inc hosp,2023-12-02,21,quantile,0.3,2.948968489684882
2023-11-04,4,wk inc hosp,2023-12-02,21,quantile,0.35,8.884359843598428
2023-11-04,4,wk inc hosp,2023-12-02,21,quantile,0.4,13.821584215842169
2023-11-04,4,wk inc hosp,2023-12-02,21,quantile,0.45,18.23130331303313
2023-11-04,4,wk inc hosp,2023-12-02,21,quantile,0.5,23
2023-11-04,4,wk inc hosp,2023-12-02,21,quantile,0.55,27.31351063510578
2023-11-04,4,wk inc hosp,2023-12-02,21,quantile,0.6,32.15565555655557
2023-11-04,4,wk inc hosp,2023-12-02,21,quantile,0.65,38.00982009820098
2023-11-04,4,wk inc hosp,2023-12-02,21,quantile,0.7,45.359378593785934
2023-11-04,4,wk inc hosp,2023-12-02,21,quantile,0.75,56.317315673156735
2023-11-04,4,wk inc hosp,2023-12-02,21,quantile,0.8,74.3412954129544
2023-11-04,4,wk inc hosp,2023-12-02,21,quantile,0.85,102.43267932679358
2023-11-04,4,wk inc hosp,2023-12-02,21,quantile,0.9,152.38157981579792
2023-11-04,4,wk inc hosp,2023-12-02,21,quantile,0.95,243.98463984639855
2023-11-04,4,wk inc hosp,2023-12-02,21,quantile,0.975,304.4963127131273
2023-11-04,4,wk inc hosp,2023-12-02,21,quantile,0.99,353.66782477824836
2023-11-04,4,wk inc hosp,2023-12-02,22,quantile,0.01,0
2023-11-04,4,wk inc hosp,2023-12-02,22,quantile,0.025,0
2023-11-04,4,wk inc hosp,2023-12-02,22,quantile,0.05,0
2023-11-04,4,wk inc hosp,2023-12-02,22,quantile,0.1,0
2023-11-04,4,wk inc hosp,2023-12-02,22,quantile,0.15,10.563741137411375
2023-11-04,4,wk inc hosp,2023-12-02,22,quantile,0.2,19
2023-11-04,4,wk inc hosp,2023-12-02,22,quantile,0.25,25.277662776627757
2023-11-04,4,wk inc hosp,2023-12-02,22,quantile,0.3,30.420512205122062
2023-11-04,4,wk inc hosp,2023-12-02,22,quantile,0.35,34.875512255122544
2023-11-04,4,wk inc hosp,2023-12-02,22,quantile,0.4,38.807064070640706
2023-11-04,4,wk inc hosp,2023-12-02,22,quantile,0.45,42.358168081680816
2023-11-04,4,wk inc hosp,2023-12-02,22,quantile,0.5,46
2023-11-04,4,wk inc hosp,2023-12-02,22,quantile,0.55,49.6058235582356
2023-11-04,4,wk inc hosp,2023-12-02,22,quantile,0.6,53.0691006910069
2023-11-04,4,wk inc hosp,2023-12-02,22,quantile,0.65,57.248030980309814
2023-11-04,4,wk inc hosp,2023-12-02,22,quantile,0.7,61.93755537555378
2023-11-04,4,wk inc hosp,2023-12-02,22,quantile,0.75,67
2023-11-04,4,wk inc hosp,2023-12-02,22,quantile,0.8,73.44811448114483
2023-11-04,4,wk inc hosp,2023-12-02,22,quantile,0.85,82.51710717107173
2023-11-04,4,wk inc hosp,2023-12-02,22,quantile,0.9,98.3264702647027
2023-11-04,4,wk inc hosp,2023-12-02,22,quantile,0.95,128.05303803038012
2023-11-04,4,wk inc hosp,2023-12-02,22,quantile,0.975,150.0196426964269
2023-11-04,4,wk inc hosp,2023-12-02,22,quantile,0.99,175.58468094680921
2023-11-04,4,wk inc hosp,2023-12-02,23,quantile,0.01,0
2023-11-04,4,wk inc hosp,2023-12-02,23,quantile,0.025,0
2023-11-04,4,wk inc hosp,2023-12-02,23,quantile,0.05,0
2023-11-04,4,wk inc hosp,2023-12-02,23,quantile,0.1,0
2023-11-04,4,wk inc hosp,2023-12-02,23,quantile,0.15,0
2023-11-04,4,wk inc hosp,2023-12-02,23,quantile,0.2,0
2023-11-04,4,wk inc hosp,2023-12-02,23,quantile,0.25,0
2023-11-04,4,wk inc hosp,2023-12-02,23,quantile,0.3,0
2023-11-04,4,wk inc hosp,2023-12-02,23,quantile,0.35,0
2023-11-04,4,wk inc hosp,2023-12-02,23,quantile,0.4,1.2497694976949836
2023-11-04,4,wk inc hosp,2023-12-02,23,quantile,0.45,2.41515915159151
2023-11-04,4,wk inc hosp,2023-12-02,23,quantile,0.5,4
2023-11-04,4,wk inc hosp,2023-12-02,23,quantile,0.55,5.41515915159151
2023-11-04,4,wk inc hosp,2023-12-02,23,quantile,0.6,7.15311653116531
2023-11-04,4,wk inc hosp,2023-12-02,23,quantile,0.65,8.824365743657435
2023-11-04,4,wk inc hosp,2023-12-02,23,quantile,0.7,11.41515915159151
2023-11-04,4,wk inc hosp,2023-12-02,23,quantile,0.75,15.41515915159151
2023-11-04,4,wk inc hosp,2023-12-02,23,quantile,0.8,21.41515915159151
2023-11-04,4,wk inc hosp,2023-12-02,23,quantile,0.85,28.335758857588566
2023-11-04,4,wk inc hosp,2023-12-02,23,quantile,0.9,39.68788587885883
2023-11-04,4,wk inc hosp,2023-12-02,23,quantile,0.95,67.13301483014823
2023-11-04,4,wk inc hosp,2023-12-02,23,quantile,0.975,74.91879818798189
2023-11-04,4,wk inc hosp,2023-12-02,23,quantile,0.99,90.06123211232105
2023-11-04,4,wk inc hosp,2023-12-02,24,quantile,0.01,0
2023-11-04,4,wk inc hosp,2023-12-02,24,quantile,0.025,0
2023-11-04,4,wk inc hosp,2023-12-02,24,quantile,0.05,0
2023-11-04,4,wk inc hosp,2023-12-02,24,quantile,0.1,0
2023-11-04,4,wk inc hosp,2023-12-02,24,quantile,0.15,0
2023-11-04,4,wk inc hosp,2023-12-02,24,quantile,0.2,0
2023-11-04,4,wk inc hosp,2023-12-02,24,quantile,0.25,0
2023-11-04,4,wk inc hosp,2023-12-02,24,quantile,0.3,0
2023-11-04,4,wk inc hosp,2023-12-02,24,quantile,0.35,0
2023-11-04,4,wk inc hosp,2023-12-02,24,quantile,0.4,2.881700817008187
2023-11-04,4,wk inc hosp,2023-12-02,24,quantile,0.45,6.793577935779355
2023-11-04,4,wk inc hosp,2023-12-02,24,quantile,0.5,10
2023-11-04,4,wk inc hosp,2023-12-02,24,quantile,0.55,13.81749817498175
2023-11-04,4,wk inc hosp,2023-12-02,24,quantile,0.6,17.612514125141235
2023-11-04,4,wk inc hosp,2023-12-02,24,quantile,0.65,21.81749817498175
2023-11-04,4,wk inc hosp,2023-12-02,24,quantile,0.7,26.81749817498175
2023-11-04,4,wk inc hosp,2023-12-02,24,quantile,0.75,33.61028110281104
2023-11-04,4,wk inc hosp,2023-12-02,24,quantile,0.8,43.371805718057075
2023-11-04,4,wk inc hosp,2023-12-02,24,quantile,0.85,58.1983674836748
2023-11-04,4,wk inc hosp,2023-12-02,24,quantile,0.9,75.38625286252862
2023-11-04,4,wk inc hosp,2023-12-02,24,quantile,0.95,98.2134251342511
2023-11-04,4,wk inc hosp,2023-12-02,24,quantile,0.975,117.75487879878781
2023-11-04,4,wk inc hosp,2023-12-02,24,quantile,0.99,143.2634898348984
2023-11-04,4,wk inc hosp,2023-12-02,25,quantile,0.01,0
2023-11-04,4,wk inc hosp,2023-12-02,25,quantile,0.025,0
2023-11-04,4,wk inc hosp,2023-12-02,25,quantile,0.05,0
2023-11-04,4,wk inc hosp,2023-12-02,25,quantile,0.1,0
2023-11-04,4,wk inc hosp,2023-12-02,25,quantile,0.15,0
2023-11-04,4,wk inc hosp,2023-12-02,25,quantile,0.2,0
2023-11-04,4,wk inc hosp,2023-12-02,25,quantile,0.25,0
2023-11-04,4,wk inc hosp,2023-12-02,25,quantile,0.3,5.313903139031395
2023-11-04,4,wk inc hosp,2023-12-02,25,quantile,0.35,12.00067000670007
2023-11-04,4,wk inc hosp,2023-12-02,25,quantile,0.4,18
2023-11-04,4,wk inc hosp,2023-12-02,25,quantile,0.45,23
2023-11-04,4,wk inc hosp,2023-12-02,25,quantile,0.5,28
2023-11-04,4,wk inc hosp,2023-12-02,25,quantile,0.55,33
2023-11-04,4,wk inc hosp,2023-12-02,25,quantile,0.6,38.374713747137456
2023-11-04,4,wk inc hosp,2023-12-02,25,quantile,0.65,44.91621616216165
2023-11-04,4,wk inc hosp,2023-12-02,25,quantile,0.7,53.056863568635634
2023-11-04,4,wk inc hosp,2023-12-02,25,quantile,0.75,65
2023-11-04,4,wk inc hosp,2023-12-02,25,quantile,0.8,83.0770807708078
2023-11-04,4,wk inc hosp,2023-12-02,25,quantile,0.85,111.99246292462927
2023-11-04,4,wk inc hosp,2023-12-02,25,quantile,0.9,155.46634066340673
2023-11-04,4,wk inc hosp,2023-12-02,25,quantile,0.95,238.11777217772152
2023-11-04,4,wk inc hosp,2023-12-02,25,quantile,0.975,279.41740242402403
2023-11-04,4,wk inc hosp,2023-12-02,25,quantile,0.99,324.6651478514774
2023-11-04,4,wk inc hosp,2023-12-02,26,quantile,0.01,0
2023-11-04,4,wk inc hosp,2023-12-02,26,quantile,0.025,0
2023-11-04,4,wk inc hosp,2023-12-02,26,quantile,0.05,0
2023-11-04,4,wk inc hosp,2023-12-02,26,quantile,0.1,0
2023-11-04,4,wk inc hosp,2023-12-02,26,quantile,0.15,0
2023-11-04,4,wk inc hosp,2023-12-02,26,quantile,0.2,0
2023-11-04,4,wk inc hosp,2023-12-02,26,quantile,0.25,0
2023-11-04,4,wk inc hosp,2023-12-02,26,quantile,0.3,0
2023-11-04,4,wk inc hosp,2023-12-02,26,quantile,0.35,0
2023-11-04,4,wk inc hosp,2023-12-02,26,quantile,0.4,0.1509055090550945
2023-11-04,4,wk inc hosp,2023-12-02,26,quantile,0.45,6.145941459414594
2023-11-04,4,wk inc hosp,2023-12-02,26,quantile,0.5,12
2023-11-04,4,wk inc hosp,2023-12-02,26,quantile,0.55,17.889146391463917
2023-11-04,4,wk inc hosp,2023-12-02,26,quantile,0.6,24.524169241692377
2023-11-04,4,wk inc hosp,2023-12-02,26,quantile,0.65,32.41833018330185
2023-11-04,4,wk inc hosp,2023-12-02,26,quantile,0.7,42.03570835708357
2023-11-04,4,wk inc hosp,2023-12-02,26,quantile,0.75,55.145941459414594
2023-11-04,4,wk inc hosp,2023-12-02,26,quantile,0.8,78.75165751657512
2023-11-04,4,wk inc hosp,2023-12-02,26,quantile,0.85,126.8067100671008
2023-11-04,4,wk inc hosp,2023-12-02,26,quantile,0.9,184.88028880288843
2023-11-04,4,wk inc hosp,2023-12-02,26,quantile,0.95,305.7803283032836
2023-11-04,4,wk inc hosp,2023-12-02,26,quantile,0.975,402.6836343363434
2023-11-04,4,wk inc hosp,2023-12-02,26,quantile,0.99,455.8676856768572
2023-11-04,4,wk inc hosp,2023-12-02,27,quantile,0.01,0
2023-11-04,4,wk inc hosp,2023-12-02,27,quantile,0.025,0
2023-11-04,4,wk inc hosp,2023-12-02,27,quantile,0.05,0
2023-11-04,4,wk inc hosp,2023-12-02,27,quantile,0.1,0
2023-11-04,4,wk inc hosp,2023-12-02,27,quantile,0.15,0
2023-11-04,4,wk inc hosp,2023-12-02,27,quantile,0.2,0
2023-11-04,4,wk inc hosp,2023-12-02,27,quantile,0.25,0
2023-11-04,4,wk inc hosp,2023-12-02,27,quantile,0.3,0
2023-11-04,4,wk inc hosp,2023-12-02,27,quantile,0.35,0
2023-11-04,4,wk inc hosp,2023-12-02,27,quantile,0.4,0
2023-11-04,4,wk inc hosp,2023-12-02,27,quantile,0.45,1
2023-11-04,4,wk inc hosp,2023-12-02,27,quantile,0.5,4
2023-11-04,4,wk inc hosp,2023-12-02,27,quantile,0.55,7.282779827798294
2023-11-04,4,wk inc hosp,2023-12-02,27,quantile,0.6,11
2023-11-04,4,wk inc hosp,2023-12-02,27,quantile,0.65,15.060054600546
2023-11-04,4,wk inc hosp,2023-12-02,27,quantile,0.7,20.960711607116046
2023-11-04,4,wk inc hosp,2023-12-02,27,quantile,0.75,28.73089730897309
2023-11-04,4,wk inc hosp,2023-12-02,27,quantile,0.8,41.169873698737035
2023-11-04,4,wk inc hosp,2023-12-02,27,quantile,0.85,61.788000380003794
2023-11-04,4,wk inc hosp,2023-12-02,27,quantile,0.9,85.7850288502886
2023-11-04,4,wk inc hosp,2023-12-02,27,quantile,0.95,107.64886848868484
2023-11-04,4,wk inc hosp,2023-12-02,27,quantile,0.975,128.90386228862286
2023-11-04,4,wk inc hosp,2023-12-02,27,quantile,0.99,163.43294902949003
2023-11-04,4,wk inc hosp,2023-12-02,28,quantile,0.01,0
2023-11-04,4,wk inc hosp,2023-12-02,28,quantile,0.025,0
2023-11-04,4,wk inc hosp,2023-12-02,28,quantile,0.05,0
2023-11-04,4,wk inc hosp,2023-12-02,28,quantile,0.1,0
2023-11-04,4,wk inc hosp,2023-12-02,28,quantile,0.15,0
2023-11-04,4,wk inc hosp,2023-12-02,28,quantile,0.2,0
2023-11-04,4,wk inc hosp,2023-12-02,28,quantile,0.25,0
2023-11-04,4,wk inc hosp,2023-12-02,28,quantile,0.3,2.2990779907798995
2023-11-04,4,wk inc hosp,2023-12-02,28,quantile,0.35,6.2990779907798995
2023-11-04,4,wk inc hosp,2023-12-02,28,quantile,0.4,10.321714217142171
2023-11-04,4,wk inc hosp,2023-12-02,28,quantile,0.45,14.2990779907799
2023-11-04,4,wk inc hosp,2023-12-02,28,quantile,0.5,18
2023-11-04,4,wk inc hosp,2023-12-02,28,quantile,0.55,21.48500835008349
2023-11-04,4,wk inc hosp,2023-12-02,28,quantile,0.6,25.2990779907799
2023-11-04,4,wk inc hosp,2023-12-02,28,quantile,0.65,29.383230332303306
2023-11-04,4,wk inc hosp,2023-12-02,28,quantile,0.7,34.010609106091025
2023-11-04,4,wk inc hosp,2023-12-02,28,quantile,0.75,39.11763117631176
2023-11-04,4,wk inc hosp,2023-12-02,28,quantile,0.8,45.14181041810401
2023-11-04,4,wk inc hosp,2023-12-02,28,quantile,0.85,52.955738557385516
2023-11-04,4,wk inc hosp,2023-12-02,28,quantile,0.9,64.87819378193781
2023-11-04,4,wk inc hosp,2023-12-02,28,quantile,0.95,87.76507715077096
2023-11-04,4,wk inc hosp,2023-12-02,28,quantile,0.975,110.25233977339762
2023-11-04,4,wk inc hosp,2023-12-02,28,quantile,0.99,133.01775697756946
2023-11-04,4,wk inc hosp,2023-12-02,29,quantile,0.01,0
2023-11-04,4,wk inc hosp,2023-12-02,29,quantile,0.025,0
2023-11-04,4,wk inc hosp,2023-12-02,29,quantile,0.05,0
2023-11-04,4,wk inc hosp,2023-12-02,29,quantile,0.1,0
2023-11-04,4,wk inc hosp,2023-12-02,29,quantile,0.15,0
2023-11-04,4,wk inc hosp,2023-12-02,29,quantile,0.2,0
2023-11-04,4,wk inc hosp,2023-12-02,29,quantile,0.25,0
2023-11-04,4,wk inc hosp,2023-12-02,29,quantile,0.3,0
2023-11-04,4,wk inc hosp,2023-12-02,29,quantile,0.35,1.4664861648616383
2023-11-04,4,wk inc hosp,2023-12-02,29,quantile,0.4,6.917497174971752
2023-11-04,4,wk inc hosp,2023-12-02,29,quantile,0.45,12.091784917849175
2023-11-04,4,wk inc hosp,2023-12-02,29,quantile,0.5,17
2023-11-04,4,wk inc hosp,2023-12-02,29,quantile,0.55,22.032023820238194
2023-11-04,4,wk inc hosp,2023-12-02,29,quantile,0.6,27.398203982039814
2023-11-04,4,wk inc hosp,2023-12-02,29,quantile,0.65,33.39820398203982
2023-11-04,4,wk inc hosp,2023-12-02,29,quantile,0.7,40.90062700626999
2023-11-04,4,wk inc hosp,2023-12-02,29,quantile,0.75,50.95772707727079
2023-11-04,4,wk inc hosp,2023-12-02,29,quantile,0.8,67.57723377233776
2023-11-04,4,wk inc hosp,2023-12-02,29,quantile,0.85,95.95805808058081
2023-11-04,4,wk inc hosp,2023-12-02,29,quantile,0.9,168.23134431344346
2023-11-04,4,wk inc hosp,2023-12-02,29,quantile,0.95,261.33668436684343
2023-11-04,4,wk inc hosp,2023-12-02,29,quantile,0.975,328.19451569515763
2023-11-04,4,wk inc hosp,2023-12-02,29,quantile,0.99,380.8363610636119
2023-11-04,4,wk inc hosp,2023-12-02,30,quantile,0.01,0
2023-11-04,4,wk inc hosp,2023-12-02,30,quantile,0.025,0
2023-11-04,4,wk inc hosp,2023-12-02,30,quantile,0.05,0
2023-11-04,4,wk inc hosp,2023-12-02,30,quantile,0.1,0
2023-11-04,4,wk inc hosp,2023-12-02,30,quantile,0.15,0
2023-11-04,4,wk inc hosp,2023-12-02,30,quantile,0.2,0
2023-11-04,4,wk inc hosp,2023-12-02,30,quantile,0.25,0
2023-11-04,4,wk inc hosp,2023-12-02,30,quantile,0.3,0
2023-11-04,4,wk inc hosp,2023-12-02,30,quantile,0.35,0
2023-11-04,4,wk inc hosp,2023-12-02,30,quantile,0.4,0
2023-11-04,4,wk inc hosp,2023-12-02,30,quantile,0.45,0
2023-11-04,4,wk inc hosp,2023-12-02,30,quantile,0.5,1.6250162502018384e-4
2023-11-04,4,wk inc hosp,2023-12-02,30,quantile,0.55,1.2643776437764274
2023-11-04,4,wk inc hosp,2023-12-02,30,quantile,0.6,2.8727417274172478
2023-11-04,4,wk inc hosp,2023-12-02,30,quantile,0.65,4.6325433254332395
2023-11-04,4,wk inc hosp,2023-12-02,30,quantile,0.7,7.24221042210423
2023-11-04,4,wk inc hosp,2023-12-02,30,quantile,0.75,10.264377643776427
2023-11-04,4,wk inc hosp,2023-12-02,30,quantile,0.8,14.602977029770395
2023-11-04,4,wk inc hosp,2023-12-02,30,quantile,0.85,20.264377643776427
2023-11-04,4,wk inc hosp,2023-12-02,30,quantile,0.9,26.82364723647237
2023-11-04,4,wk inc hosp,2023-12-02,30,quantile,0.95,35.155245552455476
2023-11-04,4,wk inc hosp,2023-12-02,30,quantile,0.975,42.513240632406216
2023-11-04,4,wk inc hosp,2023-12-02,30,quantile,0.99,54.10845198451993
2023-11-04,4,wk inc hosp,2023-12-02,31,quantile,0.01,0
2023-11-04,4,wk inc hosp,2023-12-02,31,quantile,0.025,0
2023-11-04,4,wk inc hosp,2023-12-02,31,quantile,0.05,0
2023-11-04,4,wk inc hosp,2023-12-02,31,quantile,0.1,0
2023-11-04,4,wk inc hosp,2023-12-02,31,quantile,0.15,0
2023-11-04,4,wk inc hosp,2023-12-02,31,quantile,0.2,0
2023-11-04,4,wk inc hosp,2023-12-02,31,quantile,0.25,0
2023-11-04,4,wk inc hosp,2023-12-02,31,quantile,0.3,0
2023-11-04,4,wk inc hosp,2023-12-02,31,quantile,0.35,0
2023-11-04,4,wk inc hosp,2023-12-02,31,quantile,0.4,2
2023-11-04,4,wk inc hosp,2023-12-02,31,quantile,0.45,4.396700467004685
2023-11-04,4,wk inc hosp,2023-12-02,31,quantile,0.5,7
2023-11-04,4,wk inc hosp,2023-12-02,31,quantile,0.55,9.388464884648842
2023-11-04,4,wk inc hosp,2023-12-02,31,quantile,0.6,12
2023-11-04,4,wk inc hosp,2023-12-02,31,quantile,0.65,14.862901129011288
2023-11-04,4,wk inc hosp,2023-12-02,31,quantile,0.7,18
2023-11-04,4,wk inc hosp,2023-12-02,31,quantile,0.75,21.718652186521865
2023-11-04,4,wk inc hosp,2023-12-02,31,quantile,0.8,26.336961369613732
2023-11-04,4,wk inc hosp,2023-12-02,31,quantile,0.85,32.5291402914029
2023-11-04,4,wk inc hosp,2023-12-02,31,quantile,0.9,41
2023-11-04,4,wk inc hosp,2023-12-02,31,quantile,0.95,52.00025450254497
2023-11-04,4,wk inc hosp,2023-12-02,31,quantile,0.975,61.489486644866425
2023-11-04,4,wk inc hosp,2023-12-02,31,quantile,0.99,74.12657386573858
2023-11-04,4,wk inc hosp,2023-12-02,32,quantile,0.01,0
2023-11-04,4,wk inc hosp,2023-12-02,32,quantile,0.025,0
2023-11-04,4,wk inc hosp,2023-12-02,32,quantile,0.05,0
2023-11-04,4,wk inc hosp,2023-12-02,32,quantile,0.1,0
2023-11-04,4,wk inc hosp,2023-12-02,32,quantile,0.15,0
2023-11-04,4,wk inc hosp,2023-12-02,32,quantile,0.2,0
2023-11-04,4,wk inc hosp,2023-12-02,32,quantile,0.25,0
2023-11-04,4,wk inc hosp,2023-12-02,32,quantile,0.3,0
2023-11-04,4,wk inc hosp,2023-12-02,32,quantile,0.35,0
2023-11-04,4,wk inc hosp,2023-12-02,32,quantile,0.4,1.3876188761887533
2023-11-04,4,wk inc hosp,2023-12-02,32,quantile,0.45,4.46672816728166
2023-11-04,4,wk inc hosp,2023-12-02,32,quantile,0.5,8
2023-11-04,4,wk inc hosp,2023-12-02,32,quantile,0.55,11.387618876188753
2023-11-04,4,wk inc hosp,2023-12-02,32,quantile,0.6,15.387618876188753
2023-11-04,4,wk inc hosp,2023-12-02,32,quantile,0.65,19.91084810848109
2023-11-04,4,wk inc hosp,2023-12-02,32,quantile,0.7,25.387618876188753
2023-11-04,4,wk inc hosp,2023-12-02,32,quantile,0.75,32.176511765117624
2023-11-04,4,wk inc hosp,2023-12-02,32,quantile,0.8,41.00190701907026
2023-11-04,4,wk inc hosp,2023-12-02,32,quantile,0.85,54.19913049130488
2023-11-04,4,wk inc hosp,2023-12-02,32,quantile,0.9,73.71156611566123
2023-11-04,4,wk inc hosp,2023-12-02,32,quantile,0.95,106.24279592795885
2023-11-04,4,wk inc hosp,2023-12-02,32,quantile,0.975,137.79063215632124
2023-11-04,4,wk inc hosp,2023-12-02,32,quantile,0.99,170.26125191251836
2023-11-04,4,wk inc hosp,2023-12-02,33,quantile,0.01,0
2023-11-04,4,wk inc hosp,2023-12-02,33,quantile,0.025,0
2023-11-04,4,wk inc hosp,2023-12-02,33,quantile,0.05,0
2023-11-04,4,wk inc hosp,2023-12-02,33,quantile,0.1,0
2023-11-04,4,wk inc hosp,2023-12-02,33,quantile,0.15,0
2023-11-04,4,wk inc hosp,2023-12-02,33,quantile,0.2,0
2023-11-04,4,wk inc hosp,2023-12-02,33,quantile,0.25,0
2023-11-04,4,wk inc hosp,2023-12-02,33,quantile,0.3,0
2023-11-04,4,wk inc hosp,2023-12-02,33,quantile,0.35,0
2023-11-04,4,wk inc hosp,2023-12-02,33,quantile,0.4,0
2023-11-04,4,wk inc hosp,2023-12-02,33,quantile,0.45,0.6469649696496929
2023-11-04,4,wk inc hosp,2023-12-02,33,quantile,0.5,2
2023-11-04,4,wk inc hosp,2023-12-02,33,quantile,0.55,3
2023-11-04,4,wk inc hosp,2023-12-02,33,quantile,0.6,4.364617646176442
2023-11-04,4,wk inc hosp,2023-12-02,33,quantile,0.65,6
2023-11-04,4,wk inc hosp,2023-12-02,33,quantile,0.7,8
2023-11-04,4,wk inc hosp,2023-12-02,33,quantile,0.75,10
2023-11-04,4,wk inc hosp,2023-12-02,33,quantile,0.8,13.66057660576606
2023-11-04,4,wk inc hosp,2023-12-02,33,quantile,0.85,19.1173321733218
2023-11-04,4,wk inc hosp,2023-12-02,33,quantile,0.9,27.131233312333116
2023-11-04,4,wk inc hosp,2023-12-02,33,quantile,0.95,37.255110051100445
2023-11-04,4,wk inc hosp,2023-12-02,33,quantile,0.975,46.716138161381615
2023-11-04,4,wk inc hosp,2023-12-02,33,quantile,0.99,59.3812494124938
2023-11-04,4,wk inc hosp,2023-12-02,34,quantile,0.01,0
2023-11-04,4,wk inc hosp,2023-12-02,34,quantile,0.025,0
2023-11-04,4,wk inc hosp,2023-12-02,34,quantile,0.05,0
2023-11-04,4,wk inc hosp,2023-12-02,34,quantile,0.1,0
2023-11-04,4,wk inc hosp,2023-12-02,34,quantile,0.15,0
2023-11-04,4,wk inc hosp,2023-12-02,34,quantile,0.2,0
2023-11-04,4,wk inc hosp,2023-12-02,34,quantile,0.25,7.385423854238539
2023-11-04,4,wk inc hosp,2023-12-02,34,quantile,0.3,17.254920549205483
2023-11-04,4,wk inc hosp,2023-12-02,34,quantile,0.35,25.135405354053532
2023-11-04,4,wk inc hosp,2023-12-02,34,quantile,0.4,32.02081420814208
2023-11-04,4,wk inc hosp,2023-12-02,34,quantile,0.45,38.11514065140652
2023-11-04,4,wk inc hosp,2023-12-02,34,quantile,0.5,44
2023-11-04,4,wk inc hosp,2023-12-02,34,quantile,0.55,50.02674226742269
2023-11-04,4,wk inc hosp,2023-12-02,34,quantile,0.6,56.385711857118565
2023-11-04,4,wk inc hosp,2023-12-02,34,quantile,0.65,63.62616626166262
2023-11-04,4,wk inc hosp,2023-12-02,34,quantile,0.7,72.38618286182859
2023-11-04,4,wk inc hosp,2023-12-02,34,quantile,0.75,84.67629176291751
2023-11-04,4,wk inc hosp,2023-12-02,34,quantile,0.8,104.88970489704923
2023-11-04,4,wk inc hosp,2023-12-02,34,quantile,0.85,138.71856018560186
2023-11-04,4,wk inc hosp,2023-12-02,34,quantile,0.9,178.8733617336175
2023-11-04,4,wk inc hosp,2023-12-02,34,quantile,0.95,228.55625506255038
2023-11-04,4,wk inc hosp,2023-12-02,34,quantile,0.975,290.98186481864775
2023-11-04,4,wk inc hosp,2023-12-02,34,quantile,0.99,371.19056380563757
2023-11-04,4,wk inc hosp,2023-12-02,35,quantile,0.01,0
2023-11-04,4,wk inc hosp,2023-12-02,35,quantile,0.025,0
2023-11-04,4,wk inc hosp,2023-12-02,35,quantile,0.05,0
2023-11-04,4,wk inc hosp,2023-12-02,35,quantile,0.1,0
2023-11-04,4,wk inc hosp,2023-12-02,35,quantile,0.15,0
2023-11-04,4,wk inc hosp,2023-12-02,35,quantile,0.2,0
2023-11-04,4,wk inc hosp,2023-12-02,35,quantile,0.25,0
2023-11-04,4,wk inc hosp,2023-12-02,35,quantile,0.3,0
2023-11-04,4,wk inc hosp,2023-12-02,35,quantile,0.35,0
2023-11-04,4,wk inc hosp,2023-12-02,35,quantile,0.4,0
2023-11-04,4,wk inc hosp,2023-12-02,35,quantile,0.45,0
2023-11-04,4,wk inc hosp,2023-12-02,35,quantile,0.5,2
2023-11-04,4,wk inc hosp,2023-12-02,35,quantile,0.55,5.026905269052698
2023-11-04,4,wk inc hosp,2023-12-02,35,quantile,0.6,8.600117001170016
2023-11-04,4,wk inc hosp,2023-12-02,35,quantile,0.65,12.408369083690861
2023-11-04,4,wk inc hosp,2023-12-02,35,quantile,0.7,17.026905269052698
2023-11-04,4,wk inc hosp,2023-12-02,35,quantile,0.75,23.026905269052698
2023-11-04,4,wk inc hosp,2023-12-02,35,quantile,0.8,31.20724307243073
2023-11-04,4,wk inc hosp,2023-12-02,35,quantile,0.85,44.031020310202955
2023-11-04,4,wk inc hosp,2023-12-02,35,quantile,0.9,66.1474674746746
2023-11-04,4,wk inc hosp,2023-12-02,35,quantile,0.95,105.30652856528624
2023-11-04,4,wk inc hosp,2023-12-02,35,quantile,0.975,137.96829193291913
2023-11-04,4,wk inc hosp,2023-12-02,35,quantile,0.99,173.45635356353603
2023-11-04,4,wk inc hosp,2023-12-02,36,quantile,0.01,0
2023-11-04,4,wk inc hosp,2023-12-02,36,quantile,0.025,0
2023-11-04,4,wk inc hosp,2023-12-02,36,quantile,0.05,0
2023-11-04,4,wk inc hosp,2023-12-02,36,quantile,0.1,0
2023-11-04,4,wk inc hosp,2023-12-02,36,quantile,0.15,0
2023-11-04,4,wk inc hosp,2023-12-02,36,quantile,0.2,0
2023-11-04,4,wk inc hosp,2023-12-02,36,quantile,0.25,0
2023-11-04,4,wk inc hosp,2023-12-02,36,quantile,0.3,0.7135851358513581
2023-11-04,4,wk inc hosp,2023-12-02,36,quantile,0.35,14.454626546265475
2023-11-04,4,wk inc hosp,2023-12-02,36,quantile,0.4,26.48311583115837
2023-11-04,4,wk inc hosp,2023-12-02,36,quantile,0.45,37.55074900749011
2023-11-04,4,wk inc hosp,2023-12-02,36,quantile,0.5,48
2023-11-04,4,wk inc hosp,2023-12-02,36,quantile,0.55,58.94827598275985
2023-11-04,4,wk inc hosp,2023-12-02,36,quantile,0.6,70.64313143131432
2023-11-04,4,wk inc hosp,2023-12-02,36,quantile,0.65,84.69635996359976
2023-11-04,4,wk inc hosp,2023-12-02,36,quantile,0.7,102.36210762107609
2023-11-04,4,wk inc hosp,2023-12-02,36,quantile,0.75,127.17109171091704
2023-11-04,4,wk inc hosp,2023-12-02,36,quantile,0.8,169.65609956099587
2023-11-04,4,wk inc hosp,2023-12-02,36,quantile,0.85,235.00356503565047
2023-11-04,4,wk inc hosp,2023-12-02,36,quantile,0.9,296.55923559235566
2023-11-04,4,wk inc hosp,2023-12-02,36,quantile,0.95,421.9436999369991
2023-11-04,4,wk inc hosp,2023-12-02,36,quantile,0.975,514.3880356303553
2023-11-04,4,wk inc hosp,2023-12-02,36,quantile,0.99,612.9779147791465
2023-11-04,4,wk inc hosp,2023-12-02,37,quantile,0.01,0
2023-11-04,4,wk inc hosp,2023-12-02,37,quantile,0.025,0
2023-11-04,4,wk inc hosp,2023-12-02,37,quantile,0.05,0
2023-11-04,4,wk inc hosp,2023-12-02,37,quantile,0.1,0
2023-11-04,4,wk inc hosp,2023-12-02,37,quantile,0.15,0
2023-11-04,4,wk inc hosp,2023-12-02,37,quantile,0.2,0
2023-11-04,4,wk inc hosp,2023-12-02,37,quantile,0.25,0
2023-11-04,4,wk inc hosp,2023-12-02,37,quantile,0.3,0
2023-11-04,4,wk inc hosp,2023-12-02,37,quantile,0.35,0.7741567415674084
2023-11-04,4,wk inc hosp,2023-12-02,37,quantile,0.4,7.536373363733649
2023-11-04,4,wk inc hosp,2023-12-02,37,quantile,0.45,13.730613306133064
2023-11-04,4,wk inc hosp,2023-12-02,37,quantile,0.5,20
2023-11-04,4,wk inc hosp,2023-12-02,37,quantile,0.55,26.40500905009049
2023-11-04,4,wk inc hosp,2023-12-02,37,quantile,0.6,33
2023-11-04,4,wk inc hosp,2023-12-02,37,quantile,0.65,40.687675376753816
2023-11-04,4,wk inc hosp,2023-12-02,37,quantile,0.7,50.04965849658498
2023-11-04,4,wk inc hosp,2023-12-02,37,quantile,0.75,62
2023-11-04,4,wk inc hosp,2023-12-02,37,quantile,0.8,76.70641506415087
2023-11-04,4,wk inc hosp,2023-12-02,37,quantile,0.85,94.55040000399997
2023-11-04,4,wk inc hosp,2023-12-02,37,quantile,0.9,117.48798387983888
2023-11-04,4,wk inc hosp,2023-12-02,37,quantile,0.95,168.70152101521003
2023-11-04,4,wk inc hosp,2023-12-02,37,quantile,0.975,223.04189541895303
2023-11-04,4,wk inc hosp,2023-12-02,37,quantile,0.99,271.76198971989686
2023-11-04,4,wk inc hosp,2023-12-02,38,quantile,0.01,0
2023-11-04,4,wk inc hosp,2023-12-02,38,quantile,0.025,0
2023-11-04,4,wk inc hosp,2023-12-02,38,quantile,0.05,0
2023-11-04,4,wk inc hosp,2023-12-02,38,quantile,0.1,0
2023-11-04,4,wk inc hosp,2023-12-02,38,quantile,0.15,0
2023-11-04,4,wk inc hosp,2023-12-02,38,quantile,0.2,0
2023-11-04,4,wk inc hosp,2023-12-02,38,quantile,0.25,0
2023-11-04,4,wk inc hosp,2023-12-02,38,quantile,0.3,0
2023-11-04,4,wk inc hosp,2023-12-02,38,quantile,0.35,0
2023-11-04,4,wk inc hosp,2023-12-02,38,quantile,0.4,0
2023-11-04,4,wk inc hosp,2023-12-02,38,quantile,0.45,0
2023-11-04,4,wk inc hosp,2023-12-02,38,quantile,0.5,1
2023-11-04,4,wk inc hosp,2023-12-02,38,quantile,0.55,2
2023-11-04,4,wk inc hosp,2023-12-02,38,quantile,0.6,3.56349563495637
2023-11-04,4,wk inc hosp,2023-12-02,38,quantile,0.65,5
2023-11-04,4,wk inc hosp,2023-12-02,38,quantile,0.7,6.904489044890441
2023-11-04,4,wk inc hosp,2023-12-02,38,quantile,0.75,9
2023-11-04,4,wk inc hosp,2023-12-02,38,quantile,0.8,11.455282552825542
2023-11-04,4,wk inc hosp,2023-12-02,38,quantile,0.85,15.092576425764245
2023-11-04,4,wk inc hosp,2023-12-02,38,quantile,0.9,20.75297952979528
2023-11-04,4,wk inc hosp,2023-12-02,38,quantile,0.95,29.4468609686097
2023-11-04,4,wk inc hosp,2023-12-02,38,quantile,0.975,35.58660436604365
2023-11-04,4,wk inc hosp,2023-12-02,38,quantile,0.99,43.543253832538305
2023-11-04,4,wk inc hosp,2023-12-02,39,quantile,0.01,0
2023-11-04,4,wk inc hosp,2023-12-02,39,quantile,0.025,0
2023-11-04,4,wk inc hosp,2023-12-02,39,quantile,0.05,0
2023-11-04,4,wk inc hosp,2023-12-02,39,quantile,0.1,0
2023-11-04,4,wk inc hosp,2023-12-02,39,quantile,0.15,0
2023-11-04,4,wk inc hosp,2023-12-02,39,quantile,0.2,0
2023-11-04,4,wk inc hosp,2023-12-02,39,quantile,0.25,0
2023-11-04,4,wk inc hosp,2023-12-02,39,quantile,0.3,0
2023-11-04,4,wk inc hosp,2023-12-02,39,quantile,0.35,0
2023-11-04,4,wk inc hosp,2023-12-02,39,quantile,0.4,5.724977249772504
2023-11-04,4,wk inc hosp,2023-12-02,39,quantile,0.45,11.496453964539665
2023-11-04,4,wk inc hosp,2023-12-02,39,quantile,0.5,17
2023-11-04,4,wk inc hosp,2023-12-02,39,quantile,0.55,23
2023-11-04,4,wk inc hosp,2023-12-02,39,quantile,0.6,29.440336403364036
2023-11-04,4,wk inc hosp,2023-12-02,39,quantile,0.65,37.11877918779189
2023-11-04,4,wk inc hosp,2023-12-02,39,quantile,0.7,47.00652306523065
2023-11-04,4,wk inc hosp,2023-12-02,39,quantile,0.75,61.219192191921934
2023-11-04,4,wk inc hosp,2023-12-02,39,quantile,0.8,80.7531615316154
2023-11-04,4,wk inc hosp,2023-12-02,39,quantile,0.85,104.29002440024398
2023-11-04,4,wk inc hosp,2023-12-02,39,quantile,0.9,167.17446174461747
2023-11-04,4,wk inc hosp,2023-12-02,39,quantile,0.95,271.46335563355615
2023-11-04,4,wk inc hosp,2023-12-02,39,quantile,0.975,334.96894968949573
2023-11-04,4,wk inc hosp,2023-12-02,39,quantile,0.99,400.7160911609112
2023-11-04,4,wk inc hosp,2023-12-02,40,quantile,0.01,0
2023-11-04,4,wk inc hosp,2023-12-02,40,quantile,0.025,0
2023-11-04,4,wk inc hosp,2023-12-02,40,quantile,0.05,0
2023-11-04,4,wk inc hosp,2023-12-02,40,quantile,0.1,0
2023-11-04,4,wk inc hosp,2023-12-02,40,quantile,0.15,0
2023-11-04,4,wk inc hosp,2023-12-02,40,quantile,0.2,0
2023-11-04,4,wk inc hosp,2023-12-02,40,quantile,0.25,0
2023-11-04,4,wk inc hosp,2023-12-02,40,quantile,0.3,0
2023-11-04,4,wk inc hosp,2023-12-02,40,quantile,0.35,0
2023-11-04,4,wk inc hosp,2023-12-02,40,quantile,0.4,0
2023-11-04,4,wk inc hosp,2023-12-02,40,quantile,0.45,3.6947724477244908
2023-11-04,4,wk inc hosp,2023-12-02,40,quantile,0.5,10
2023-11-04,4,wk inc hosp,2023-12-02,40,quantile,0.55,16.13495334953351
2023-11-04,4,wk inc hosp,2023-12-02,40,quantile,0.6,23.07452174521744
2023-11-04,4,wk inc hosp,2023-12-02,40,quantile,0.65,31.08320883208836
2023-11-04,4,wk inc hosp,2023-12-02,40,quantile,0.7,41.02105521055211
2023-11-04,4,wk inc hosp,2023-12-02,40,quantile,0.75,54.02105521055211
2023-11-04,4,wk inc hosp,2023-12-02,40,quantile,0.8,71.91124411244124
2023-11-04,4,wk inc hosp,2023-12-02,40,quantile,0.85,95.39012040120383
2023-11-04,4,wk inc hosp,2023-12-02,40,quantile,0.9,136.32567325673273
2023-11-04,4,wk inc hosp,2023-12-02,40,quantile,0.95,224.62351573515716
2023-11-04,4,wk inc hosp,2023-12-02,40,quantile,0.975,288.1668391683913
2023-11-04,4,wk inc hosp,2023-12-02,40,quantile,0.99,388.6908614086148
2023-11-04,4,wk inc hosp,2023-12-02,41,quantile,0.01,0
2023-11-04,4,wk inc hosp,2023-12-02,41,quantile,0.025,0
2023-11-04,4,wk inc hosp,2023-12-02,41,quantile,0.05,0
2023-11-04,4,wk inc hosp,2023-12-02,41,quantile,0.1,0
2023-11-04,4,wk inc hosp,2023-12-02,41,quantile,0.15,0
2023-11-04,4,wk inc hosp,2023-12-02,41,quantile,0.2,0
2023-11-04,4,wk inc hosp,2023-12-02,41,quantile,0.25,0.966904669046702
2023-11-04,4,wk inc hosp,2023-12-02,41,quantile,0.3,4.966904669046702
2023-11-04,4,wk inc hosp,2023-12-02,41,quantile,0.35,7.966904669046702
2023-11-04,4,wk inc hosp,2023-12-02,41,quantile,0.4,10.179630796307979
2023-11-04,4,wk inc hosp,2023-12-02,41,quantile,0.45,12.190394903949052
2023-11-04,4,wk inc hosp,2023-12-02,41,quantile,0.5,14
2023-11-04,4,wk inc hosp,2023-12-02,41,quantile,0.55,15.966904669046702
2023-11-04,4,wk inc hosp,2023-12-02,41,quantile,0.6,18.12719227192273
2023-11-04,4,wk inc hosp,2023-12-02,41,quantile,0.65,20.966904669046702
2023-11-04,4,wk inc hosp,2023-12-02,41,quantile,0.7,24.52128221282213
2023-11-04,4,wk inc hosp,2023-12-02,41,quantile,0.75,31.06428314283143
2023-11-04,4,wk inc hosp,2023-12-02,41,quantile,0.8,44.61851318513195
2023-11-04,4,wk inc hosp,2023-12-02,41,quantile,0.85,78.66026610266087
2023-11-04,4,wk inc hosp,2023-12-02,41,quantile,0.9,123.74933149331538
2023-11-04,4,wk inc hosp,2023-12-02,41,quantile,0.95,220.1712617126172
2023-11-04,4,wk inc hosp,2023-12-02,41,quantile,0.975,260.3508067580673
2023-11-04,4,wk inc hosp,2023-12-02,41,quantile,0.99,284.363023830239
2023-11-04,4,wk inc hosp,2023-12-02,42,quantile,0.01,0
2023-11-04,4,wk inc hosp,2023-12-02,42,quantile,0.025,0
2023-11-04,4,wk inc hosp,2023-12-02,42,quantile,0.05,0
2023-11-04,4,wk inc hosp,2023-12-02,42,quantile,0.1,0
2023-11-04,4,wk inc hosp,2023-12-02,42,quantile,0.15,0
2023-11-04,4,wk inc hosp,2023-12-02,42,quantile,0.2,0
2023-11-04,4,wk inc hosp,2023-12-02,42,quantile,0.25,0.14830148301480506
2023-11-04,4,wk inc hosp,2023-12-02,42,quantile,0.3,12.835458354583519
2023-11-04,4,wk inc hosp,2023-12-02,42,quantile,0.35,23.494047940479383
2023-11-04,4,wk inc hosp,2023-12-02,42,quantile,0.4,32.91258812588126
2023-11-04,4,wk inc hosp,2023-12-02,42,quantile,0.45,41.480109801097996
2023-11-04,4,wk inc hosp,2023-12-02,42,quantile,0.5,50
2023-11-04,4,wk inc hosp,2023-12-02,42,quantile,0.55,58.30291202912027
2023-11-04,4,wk inc hosp,2023-12-02,42,quantile,0.6,66.92998429984294
2023-11-04,4,wk inc hosp,2023-12-02,42,quantile,0.65,76.92740677406772
2023-11-04,4,wk inc hosp,2023-12-02,42,quantile,0.7,88.7582445824458
2023-11-04,4,wk inc hosp,2023-12-02,42,quantile,0.75,104.07485074850729
2023-11-04,4,wk inc hosp,2023-12-02,42,quantile,0.8,126.0332533325332
2023-11-04,4,wk inc hosp,2023-12-02,42,quantile,0.85,163.3570175701757
2023-11-04,4,wk inc hosp,2023-12-02,42,quantile,0.9,222.65895158951747
2023-11-04,4,wk inc hosp,2023-12-02,42,quantile,0.95,352.34185991859863
2023-11-04,4,wk inc hosp,2023-12-02,42,quantile,0.975,453.6747047470466
2023-11-04,4,wk inc hosp,2023-12-02,42,quantile,0.99,587.104727247265
2023-11-04,4,wk inc hosp,2023-12-02,44,quantile,0.01,0
2023-11-04,4,wk inc hosp,2023-12-02,44,quantile,0.025,0
2023-11-04,4,wk inc hosp,2023-12-02,44,quantile,0.05,0
2023-11-04,4,wk inc hosp,2023-12-02,44,quantile,0.1,0
2023-11-04,4,wk inc hosp,2023-12-02,44,quantile,0.15,0
2023-11-04,4,wk inc hosp,2023-12-02,44,quantile,0.2,0
2023-11-04,4,wk inc hosp,2023-12-02,44,quantile,0.25,0
2023-11-04,4,wk inc hosp,2023-12-02,44,quantile,0.3,0
2023-11-04,4,wk inc hosp,2023-12-02,44,quantile,0.35,0
2023-11-04,4,wk inc hosp,2023-12-02,44,quantile,0.4,0
2023-11-04,4,wk inc hosp,2023-12-02,44,quantile,0.45,0.8374533745337516
2023-11-04,4,wk inc hosp,2023-12-02,44,quantile,0.5,1
2023-11-04,4,wk inc hosp,2023-12-02,44,quantile,0.55,1.8374533745337516
2023-11-04,4,wk inc hosp,2023-12-02,44,quantile,0.6,2.8374533745337516
2023-11-04,4,wk inc hosp,2023-12-02,44,quantile,0.65,3.8374533745337516
2023-11-04,4,wk inc hosp,2023-12-02,44,quantile,0.7,4.728885288852904
2023-11-04,4,wk inc hosp,2023-12-02,44,quantile,0.75,5.837453374533752
2023-11-04,4,wk inc hosp,2023-12-02,44,quantile,0.8,7.474041740417409
2023-11-04,4,wk inc hosp,2023-12-02,44,quantile,0.85,9.8988704887049
2023-11-04,4,wk inc hosp,2023-12-02,44,quantile,0.9,13.905294052940533
2023-11-04,4,wk inc hosp,2023-12-02,44,quantile,0.95,22.148956489564885
2023-11-04,4,wk inc hosp,2023-12-02,44,quantile,0.975,29.01188061880612
2023-11-04,4,wk inc hosp,2023-12-02,44,quantile,0.99,33.9797054970548
2023-11-04,4,wk inc hosp,2023-12-02,45,quantile,0.01,0
2023-11-04,4,wk inc hosp,2023-12-02,45,quantile,0.025,0
2023-11-04,4,wk inc hosp,2023-12-02,45,quantile,0.05,0
2023-11-04,4,wk inc hosp,2023-12-02,45,quantile,0.1,0
2023-11-04,4,wk inc hosp,2023-12-02,45,quantile,0.15,0
2023-11-04,4,wk inc hosp,2023-12-02,45,quantile,0.2,0
2023-11-04,4,wk inc hosp,2023-12-02,45,quantile,0.25,2.6132511325113192
2023-11-04,4,wk inc hosp,2023-12-02,45,quantile,0.3,6.818048180481794
2023-11-04,4,wk inc hosp,2023-12-02,45,quantile,0.35,10.61325113251132
2023-11-04,4,wk inc hosp,2023-12-02,45,quantile,0.4,14.402357023570229
2023-11-04,4,wk inc hosp,2023-12-02,45,quantile,0.45,17.61325113251132
2023-11-04,4,wk inc hosp,2023-12-02,45,quantile,0.5,21
2023-11-04,4,wk inc hosp,2023-12-02,45,quantile,0.55,24.39554945549456
2023-11-04,4,wk inc hosp,2023-12-02,45,quantile,0.6,27.61325113251132
2023-11-04,4,wk inc hosp,2023-12-02,45,quantile,0.65,31.43988739887398
2023-11-04,4,wk inc hosp,2023-12-02,45,quantile,0.7,35.61325113251132
2023-11-04,4,wk inc hosp,2023-12-02,45,quantile,0.75,40.224249742497435
2023-11-04,4,wk inc hosp,2023-12-02,45,quantile,0.8,46.1089320893209
2023-11-04,4,wk inc hosp,2023-12-02,45,quantile,0.85,54.609280092801036
2023-11-04,4,wk inc hosp,2023-12-02,45,quantile,0.9,68.86154061540596
2023-11-04,4,wk inc hosp,2023-12-02,45,quantile,0.95,97.52956779567815
2023-11-04,4,wk inc hosp,2023-12-02,45,quantile,0.975,114.62677101771042
2023-11-04,4,wk inc hosp,2023-12-02,45,quantile,0.99,132.4343378433783
2023-11-04,4,wk inc hosp,2023-12-02,46,quantile,0.01,0
2023-11-04,4,wk inc hosp,2023-12-02,46,quantile,0.025,0
2023-11-04,4,wk inc hosp,2023-12-02,46,quantile,0.05,0
2023-11-04,4,wk inc hosp,2023-12-02,46,quantile,0.1,0
2023-11-04,4,wk inc hosp,2023-12-02,46,quantile,0.15,0
2023-11-04,4,wk inc hosp,2023-12-02,46,quantile,0.2,0
2023-11-04,4,wk inc hosp,2023-12-02,46,quantile,0.25,0
2023-11-04,4,wk inc hosp,2023-12-02,46,quantile,0.3,0
2023-11-04,4,wk inc hosp,2023-12-02,46,quantile,0.35,0
2023-11-04,4,wk inc hosp,2023-12-02,46,quantile,0.4,0
2023-11-04,4,wk inc hosp,2023-12-02,46,quantile,0.45,1.097469974699756
2023-11-04,4,wk inc hosp,2023-12-02,46,quantile,0.5,3
2023-11-04,4,wk inc hosp,2023-12-02,46,quantile,0.55,4.442190921909232
2023-11-04,4,wk inc hosp,2023-12-02,46,quantile,0.6,6
2023-11-04,4,wk inc hosp,2023-12-02,46,quantile,0.65,8
2023-11-04,4,wk inc hosp,2023-12-02,46,quantile,0.7,10
2023-11-04,4,wk inc hosp,2023-12-02,46,quantile,0.75,12
2023-11-04,4,wk inc hosp,2023-12-02,46,quantile,0.8,15
2023-11-04,4,wk inc hosp,2023-12-02,46,quantile,0.85,18.400751507515103
2023-11-04,4,wk inc hosp,2023-12-02,46,quantile,0.9,23.497104971049616
2023-11-04,4,wk inc hosp,2023-12-02,46,quantile,0.95,32.670351703516964
2023-11-04,4,wk inc hosp,2023-12-02,46,quantile,0.975,41.84829373293741
2023-11-04,4,wk inc hosp,2023-12-02,46,quantile,0.99,53.20754987549863
2023-11-04,4,wk inc hosp,2023-12-02,47,quantile,0.01,0
2023-11-04,4,wk inc hosp,2023-12-02,47,quantile,0.025,0
2023-11-04,4,wk inc hosp,2023-12-02,47,quantile,0.05,0
2023-11-04,4,wk inc hosp,2023-12-02,47,quantile,0.1,0
2023-11-04,4,wk inc hosp,2023-12-02,47,quantile,0.15,0
2023-11-04,4,wk inc hosp,2023-12-02,47,quantile,0.2,2.6151711517115217
2023-11-04,4,wk inc hosp,2023-12-02,47,quantile,0.25,12.714502145021443
2023-11-04,4,wk inc hosp,2023-12-02,47,quantile,0.3,20.52072820728208
2023-11-04,4,wk inc hosp,2023-12-02,47,quantile,0.35,26.92334323343234
2023-11-04,4,wk inc hosp,2023-12-02,47,quantile,0.4,33.03422934229343
2023-11-04,4,wk inc hosp,2023-12-02,47,quantile,0.45,38.61517115171152
2023-11-04,4,wk inc hosp,2023-12-02,47,quantile,0.5,44
2023-11-04,4,wk inc hosp,2023-12-02,47,quantile,0.55,49.55001750017502
2023-11-04,4,wk inc hosp,2023-12-02,47,quantile,0.6,55.27373373733738
2023-11-04,4,wk inc hosp,2023-12-02,47,quantile,0.65,61.36253462534627
2023-11-04,4,wk inc hosp,2023-12-02,47,quantile,0.7,68.28266882668828
2023-11-04,4,wk inc hosp,2023-12-02,47,quantile,0.75,76.67584175841763
2023-11-04,4,wk inc hosp,2023-12-02,47,quantile,0.8,88.50033400334003
2023-11-04,4,wk inc hosp,2023-12-02,47,quantile,0.85,109.04971449714496
2023-11-04,4,wk inc hosp,2023-12-02,47,quantile,0.9,153.7105301053015
2023-11-04,4,wk inc hosp,2023-12-02,47,quantile,0.95,237.28637036370333
2023-11-04,4,wk inc hosp,2023-12-02,47,quantile,0.975,266.3412701627016
2023-11-04,4,wk inc hosp,2023-12-02,47,quantile,0.99,301.13465324653265
2023-11-04,4,wk inc hosp,2023-12-02,48,quantile,0.01,0
2023-11-04,4,wk inc hosp,2023-12-02,48,quantile,0.025,0
2023-11-04,4,wk inc hosp,2023-12-02,48,quantile,0.05,0
2023-11-04,4,wk inc hosp,2023-12-02,48,quantile,0.1,0
2023-11-04,4,wk inc hosp,2023-12-02,48,quantile,0.15,9.485125851258497
2023-11-04,4,wk inc hosp,2023-12-02,48,quantile,0.2,67.34084140841408
2023-11-04,4,wk inc hosp,2023-12-02,48,quantile,0.25,112.75774757747521
2023-11-04,4,wk inc hosp,2023-12-02,48,quantile,0.3,149.92856928569245
2023-11-04,4,wk inc hosp,2023-12-02,48,quantile,0.35,181.87830278302778
2023-11-04,4,wk inc hosp,2023-12-02,48,quantile,0.4,207.3189611896119
2023-11-04,4,wk inc hosp,2023-12-02,48,quantile,0.45,227.87973179731796
2023-11-04,4,wk inc hosp,2023-12-02,48,quantile,0.5,246
2023-11-04,4,wk inc hosp,2023-12-02,48,quantile,0.55,264.3334548345483
2023-11-04,4,wk inc hosp,2023-12-02,48,quantile,0.6,285.7062990629905
2023-11-04,4,wk inc hosp,2023-12-02,48,quantile,0.65,312.0594540945409
2023-11-04,4,wk inc hosp,2023-12-02,48,quantile,0.7,345.51005410054074
2023-11-04,4,wk inc hosp,2023-12-02,48,quantile,0.75,382.52192271922723
2023-11-04,4,wk inc hosp,2023-12-02,48,quantile,0.8,429.75676756767564
2023-11-04,4,wk inc hosp,2023-12-02,48,quantile,0.85,491.10371803718033
2023-11-04,4,wk inc hosp,2023-12-02,48,quantile,0.9,569.7315163151634
2023-11-04,4,wk inc hosp,2023-12-02,48,quantile,0.95,699.0215372153713
2023-11-04,4,wk inc hosp,2023-12-02,48,quantile,0.975,809.4278405284074
2023-11-04,4,wk inc hosp,2023-12-02,48,quantile,0.99,939.7188007880042
2023-11-04,4,wk inc hosp,2023-12-02,49,quantile,0.01,0
2023-11-04,4,wk inc hosp,2023-12-02,49,quantile,0.025,0
2023-11-04,4,wk inc hosp,2023-12-02,49,quantile,0.05,0
2023-11-04,4,wk inc hosp,2023-12-02,49,quantile,0.1,0
2023-11-04,4,wk inc hosp,2023-12-02,49,quantile,0.15,0
2023-11-04,4,wk inc hosp,2023-12-02,49,quantile,0.2,0
2023-11-04,4,wk inc hosp,2023-12-02,49,quantile,0.25,0
2023-11-04,4,wk inc hosp,2023-12-02,49,quantile,0.3,0
2023-11-04,4,wk inc hosp,2023-12-02,49,quantile,0.35,0.8747187471874582
2023-11-04,4,wk inc hosp,2023-12-02,49,quantile,0.4,2.737239372393689
2023-11-04,4,wk inc hosp,2023-12-02,49,quantile,0.45,3.8747187471874582
2023-11-04,4,wk inc hosp,2023-12-02,49,quantile,0.5,5
2023-11-04,4,wk inc hosp,2023-12-02,49,quantile,0.55,6.874718747187458
2023-11-04,4,wk inc hosp,2023-12-02,49,quantile,0.6,7.874718747187458
2023-11-04,4,wk inc hosp,2023-12-02,49,quantile,0.65,9.687380873808719
2023-11-04,4,wk inc hosp,2023-12-02,49,quantile,0.7,11.208571085710842
2023-11-04,4,wk inc hosp,2023-12-02,49,quantile,0.75,13.401174011740114
2023-11-04,4,wk inc hosp,2023-12-02,49,quantile,0.8,15.964255642556447
2023-11-04,4,wk inc hosp,2023-12-02,49,quantile,0.85,19.780053300532963
2023-11-04,4,wk inc hosp,2023-12-02,49,quantile,0.9,24.55328353283532
2023-11-04,4,wk inc hosp,2023-12-02,49,quantile,0.95,31.677651776517735
2023-11-04,4,wk inc hosp,2023-12-02,49,quantile,0.975,38.98831913319135
2023-11-04,4,wk inc hosp,2023-12-02,49,quantile,0.99,47.69757717577163
2023-11-04,4,wk inc hosp,2023-12-02,50,quantile,0.01,0
2023-11-04,4,wk inc hosp,2023-12-02,50,quantile,0.025,0
2023-11-04,4,wk inc hosp,2023-12-02,50,quantile,0.05,0
2023-11-04,4,wk inc hosp,2023-12-02,50,quantile,0.1,0
2023-11-04,4,wk inc hosp,2023-12-02,50,quantile,0.15,0
2023-11-04,4,wk inc hosp,2023-12-02,50,quantile,0.2,0
2023-11-04,4,wk inc hosp,2023-12-02,50,quantile,0.25,0
2023-11-04,4,wk inc hosp,2023-12-02,50,quantile,0.3,0
2023-11-04,4,wk inc hosp,2023-12-02,50,quantile,0.35,0
2023-11-04,4,wk inc hosp,2023-12-02,50,quantile,0.4,0
2023-11-04,4,wk inc hosp,2023-12-02,50,quantile,0.45,0
2023-11-04,4,wk inc hosp,2023-12-02,50,quantile,0.5,0
2023-11-04,4,wk inc hosp,2023-12-02,50,quantile,0.55,0
2023-11-04,4,wk inc hosp,2023-12-02,50,quantile,0.6,1
2023-11-04,4,wk inc hosp,2023-12-02,50,quantile,0.65,1.997991979919799
2023-11-04,4,wk inc hosp,2023-12-02,50,quantile,0.7,2.3908799087990893
2023-11-04,4,wk inc hosp,2023-12-02,50,quantile,0.75,3.6755667556675746
2023-11-04,4,wk inc hosp,2023-12-02,50,quantile,0.8,5
2023-11-04,4,wk inc hosp,2023-12-02,50,quantile,0.85,8.040530405304082
2023-11-04,4,wk inc hosp,2023-12-02,50,quantile,0.9,12.963960639606402
2023-11-04,4,wk inc hosp,2023-12-02,50,quantile,0.95,20.207836078360653
2023-11-04,4,wk inc hosp,2023-12-02,50,quantile,0.975,29.974255242552214
2023-11-04,4,wk inc hosp,2023-12-02,50,quantile,0.99,36.81215622156219
2023-11-04,4,wk inc hosp,2023-12-02,51,quantile,0.01,0
2023-11-04,4,wk inc hosp,2023-12-02,51,quantile,0.025,0
2023-11-04,4,wk inc hosp,2023-12-02,51,quantile,0.05,0
2023-11-04,4,wk inc hosp,2023-12-02,51,quantile,0.1,0
2023-11-04,4,wk inc hosp,2023-12-02,51,quantile,0.15,2.7267782677826684
2023-11-04,4,wk inc hosp,2023-12-02,51,quantile,0.2,20.751466514665132
2023-11-04,4,wk inc hosp,2023-12-02,51,quantile,0.25,31.332958329583285
2023-11-04,4,wk inc hosp,2023-12-02,51,quantile,0.3,39.118821188211875
2023-11-04,4,wk inc hosp,2023-12-02,51,quantile,0.35,45.56270862708625
2023-11-04,4,wk inc hosp,2023-12-02,51,quantile,0.4,50.9730007300073
2023-11-04,4,wk inc hosp,2023-12-02,51,quantile,0.45,56.12584575845758
2023-11-04,4,wk inc hosp,2023-12-02,51,quantile,0.5,61
2023-11-04,4,wk inc hosp,2023-12-02,51,quantile,0.55,65.9672271722717
2023-11-04,4,wk inc hosp,2023-12-02,51,quantile,0.6,71.28601186011859
2023-11-04,4,wk inc hosp,2023-12-02,51,quantile,0.65,76.92085420854207
2023-11-04,4,wk inc hosp,2023-12-02,51,quantile,0.7,83.37569175691755
2023-11-04,4,wk inc hosp,2023-12-02,51,quantile,0.75,91.49898998989988
2023-11-04,4,wk inc hosp,2023-12-02,51,quantile,0.8,103.60217702177022
2023-11-04,4,wk inc hosp,2023-12-02,51,quantile,0.85,125.86524965249654
2023-11-04,4,wk inc hosp,2023-12-02,51,quantile,0.9,157.56560765607637
2023-11-04,4,wk inc hosp,2023-12-02,51,quantile,0.95,189.08550935509362
2023-11-04,4,wk inc hosp,2023-12-02,51,quantile,0.975,210.49640596405948
2023-11-04,4,wk inc hosp,2023-12-02,51,quantile,0.99,249.33916569165604
2023-11-04,4,wk inc hosp,2023-12-02,53,quantile,0.01,0
2023-11-04,4,wk inc hosp,2023-12-02,53,quantile,0.025,0
2023-11-04,4,wk inc hosp,2023-12-02,53,quantile,0.05,0
2023-11-04,4,wk inc hosp,2023-12-02,53,quantile,0.1,0
2023-11-04,4,wk inc hosp,2023-12-02,53,quantile,0.15,0
2023-11-04,4,wk inc hosp,2023-12-02,53,quantile,0.2,0
2023-11-04,4,wk inc hosp,2023-12-02,53,quantile,0.25,0
2023-11-04,4,wk inc hosp,2023-12-02,53,quantile,0.3,0
2023-11-04,4,wk inc hosp,2023-12-02,53,quantile,0.35,0
2023-11-04,4,wk inc hosp,2023-12-02,53,quantile,0.4,0.2953899538995435
2023-11-04,4,wk inc hosp,2023-12-02,53,quantile,0.45,4.016635166351662
2023-11-04,4,wk inc hosp,2023-12-02,53,quantile,0.5,8
2023-11-04,4,wk inc hosp,2023-12-02,53,quantile,0.55,11.52094320943208
2023-11-04,4,wk inc hosp,2023-12-02,53,quantile,0.6,15.528740287402865
2023-11-04,4,wk inc hosp,2023-12-02,53,quantile,0.65,20.02047720477207
2023-11-04,4,wk inc hosp,2023-12-02,53,quantile,0.7,25.64672546725467
2023-11-04,4,wk inc hosp,2023-12-02,53,quantile,0.75,33.01663516635166
2023-11-04,4,wk inc hosp,2023-12-02,53,quantile,0.8,46.304874048740544
2023-11-04,4,wk inc hosp,2023-12-02,53,quantile,0.85,74.46939469394677
2023-11-04,4,wk inc hosp,2023-12-02,53,quantile,0.9,131.12751627516315
2023-11-04,4,wk inc hosp,2023-12-02,53,quantile,0.95,207.5312288122869
2023-11-04,4,wk inc hosp,2023-12-02,53,quantile,0.975,306.5647456474557
2023-11-04,4,wk inc hosp,2023-12-02,53,quantile,0.99,354.62271902718976
2023-11-04,4,wk inc hosp,2023-12-02,54,quantile,0.01,0
2023-11-04,4,wk inc hosp,2023-12-02,54,quantile,0.025,0
2023-11-04,4,wk inc hosp,2023-12-02,54,quantile,0.05,0
2023-11-04,4,wk inc hosp,2023-12-02,54,quantile,0.1,0
2023-11-04,4,wk inc hosp,2023-12-02,54,quantile,0.15,0
2023-11-04,4,wk inc hosp,2023-12-02,54,quantile,0.2,0
2023-11-04,4,wk inc hosp,2023-12-02,54,quantile,0.25,0
2023-11-04,4,wk inc hosp,2023-12-02,54,quantile,0.3,0
2023-11-04,4,wk inc hosp,2023-12-02,54,quantile,0.35,0
2023-11-04,4,wk inc hosp,2023-12-02,54,quantile,0.4,0
2023-11-04,4,wk inc hosp,2023-12-02,54,quantile,0.45,1.421389213892141
2023-11-04,4,wk inc hosp,2023-12-02,54,quantile,0.5,4
2023-11-04,4,wk inc hosp,2023-12-02,54,quantile,0.55,6.421389213892141
2023-11-04,4,wk inc hosp,2023-12-02,54,quantile,0.6,9.421389213892141
2023-11-04,4,wk inc hosp,2023-12-02,54,quantile,0.65,12.609357593575945
2023-11-04,4,wk inc hosp,2023-12-02,54,quantile,0.7,16.543055430554308
2023-11-04,4,wk inc hosp,2023-12-02,54,quantile,0.75,22.000492504925056
2023-11-04,4,wk inc hosp,2023-12-02,54,quantile,0.8,29.50849408494093
2023-11-04,4,wk inc hosp,2023-12-02,54,quantile,0.85,39.965764157641615
2023-11-04,4,wk inc hosp,2023-12-02,54,quantile,0.9,53.35089450894547
2023-11-04,4,wk inc hosp,2023-12-02,54,quantile,0.95,82.50699906999047
2023-11-04,4,wk inc hosp,2023-12-02,54,quantile,0.975,113.94135591355916
2023-11-04,4,wk inc hosp,2023-12-02,54,quantile,0.99,135.2894073940741
2023-11-04,4,wk inc hosp,2023-12-02,55,quantile,0.01,0
2023-11-04,4,wk inc hosp,2023-12-02,55,quantile,0.025,0
2023-11-04,4,wk inc hosp,2023-12-02,55,quantile,0.05,0
2023-11-04,4,wk inc hosp,2023-12-02,55,quantile,0.1,0
2023-11-04,4,wk inc hosp,2023-12-02,55,quantile,0.15,0
2023-11-04,4,wk inc hosp,2023-12-02,55,quantile,0.2,0
2023-11-04,4,wk inc hosp,2023-12-02,55,quantile,0.25,0
2023-11-04,4,wk inc hosp,2023-12-02,55,quantile,0.3,0
2023-11-04,4,wk inc hosp,2023-12-02,55,quantile,0.35,0
2023-11-04,4,wk inc hosp,2023-12-02,55,quantile,0.4,0
2023-11-04,4,wk inc hosp,2023-12-02,55,quantile,0.45,3.289131891318932
2023-11-04,4,wk inc hosp,2023-12-02,55,quantile,0.5,7
2023-11-04,4,wk inc hosp,2023-12-02,55,quantile,0.55,10.844384443844437
2023-11-04,4,wk inc hosp,2023-12-02,55,quantile,0.6,14.766349663496651
2023-11-04,4,wk inc hosp,2023-12-02,55,quantile,0.65,19
2023-11-04,4,wk inc hosp,2023-12-02,55,quantile,0.7,24.441369413694122
2023-11-04,4,wk inc hosp,2023-12-02,55,quantile,0.75,31.328198281982814
2023-11-04,4,wk inc hosp,2023-12-02,55,quantile,0.8,41.288072880728635
2023-11-04,4,wk inc hosp,2023-12-02,55,quantile,0.85,56.08192231922388
2023-11-04,4,wk inc hosp,2023-12-02,55,quantile,0.9,83.98366783667836
2023-11-04,4,wk inc hosp,2023-12-02,55,quantile,0.95,156.39366393663937
2023-11-04,4,wk inc hosp,2023-12-02,55,quantile,0.975,187.18623236232338
2023-11-04,4,wk inc hosp,2023-12-02,55,quantile,0.99,221.6694499944993
2023-11-04,4,wk inc hosp,2023-12-02,56,quantile,0.01,0
2023-11-04,4,wk inc hosp,2023-12-02,56,quantile,0.025,0
2023-11-04,4,wk inc hosp,2023-12-02,56,quantile,0.05,0
2023-11-04,4,wk inc hosp,2023-12-02,56,quantile,0.1,0
2023-11-04,4,wk inc hosp,2023-12-02,56,quantile,0.15,0
2023-11-04,4,wk inc hosp,2023-12-02,56,quantile,0.2,0
2023-11-04,4,wk inc hosp,2023-12-02,56,quantile,0.25,0
2023-11-04,4,wk inc hosp,2023-12-02,56,quantile,0.3,0
2023-11-04,4,wk inc hosp,2023-12-02,56,quantile,0.35,0
2023-11-04,4,wk inc hosp,2023-12-02,56,quantile,0.4,0
2023-11-04,4,wk inc hosp,2023-12-02,56,quantile,0.45,0
2023-11-04,4,wk inc hosp,2023-12-02,56,quantile,0.5,0
2023-11-04,4,wk inc hosp,2023-12-02,56,quantile,0.55,1
2023-11-04,4,wk inc hosp,2023-12-02,56,quantile,0.6,2
2023-11-04,4,wk inc hosp,2023-12-02,56,quantile,0.65,3
2023-11-04,4,wk inc hosp,2023-12-02,56,quantile,0.7,4
2023-11-04,4,wk inc hosp,2023-12-02,56,quantile,0.75,5.517162671626725
2023-11-04,4,wk inc hosp,2023-12-02,56,quantile,0.8,7.338987389873964
2023-11-04,4,wk inc hosp,2023-12-02,56,quantile,0.85,10.342566925669235
2023-11-04,4,wk inc hosp,2023-12-02,56,quantile,0.9,16.111129111291092
2023-11-04,4,wk inc hosp,2023-12-02,56,quantile,0.95,27.23728237282367
2023-11-04,4,wk inc hosp,2023-12-02,56,quantile,0.975,34.261979119791164
2023-11-04,4,wk inc hosp,2023-12-02,56,quantile,0.99,40.783802538025235
2023-11-04,4,wk inc hosp,2023-12-02,72,quantile,0.01,74.03573705737058
2023-11-04,4,wk inc hosp,2023-12-02,72,quantile,0.025,89.65192726927272
2023-11-04,4,wk inc hosp,2023-12-02,72,quantile,0.05,103.09577295772962
2023-11-04,4,wk inc hosp,2023-12-02,72,quantile,0.1,118.56239462394623
2023-11-04,4,wk inc hosp,2023-12-02,72,quantile,0.15,128.3441859418594
2023-11-04,4,wk inc hosp,2023-12-02,72,quantile,0.2,135.67042270422704
2023-11-04,4,wk inc hosp,2023-12-02,72,quantile,0.25,141.62635626356263
2023-11-04,4,wk inc hosp,2023-12-02,72,quantile,0.3,146.9978039780398
2023-11-04,4,wk inc hosp,2023-12-02,72,quantile,0.35,151.5120661206612
2023-11-04,4,wk inc hosp,2023-12-02,72,quantile,0.4,156
2023-11-04,4,wk inc hosp,2023-12-02,72,quantile,0.45,160
2023-11-04,4,wk inc hosp,2023-12-02,72,quantile,0.5,164
2023-11-04,4,wk inc hosp,2023-12-02,72,quantile,0.55,168.029988799888
2023-11-04,4,wk inc hosp,2023-12-02,72,quantile,0.6,172.18043980439802
2023-11-04,4,wk inc hosp,2023-12-02,72,quantile,0.65,176.63313683136832
2023-11-04,4,wk inc hosp,2023-12-02,72,quantile,0.7,181.2380163801638
2023-11-04,4,wk inc hosp,2023-12-02,72,quantile,0.75,186.36342613426137
2023-11-04,4,wk inc hosp,2023-12-02,72,quantile,0.8,192.25631656316565
2023-11-04,4,wk inc hosp,2023-12-02,72,quantile,0.85,199.55406554065542
2023-11-04,4,wk inc hosp,2023-12-02,72,quantile,0.9,209.14727547275504
2023-11-04,4,wk inc hosp,2023-12-02,72,quantile,0.95,224.44372693726936
2023-11-04,4,wk inc hosp,2023-12-02,72,quantile,0.975,238
2023-11-04,4,wk inc hosp,2023-12-02,72,quantile,0.99,254.2858076580763
2023-11-04,4,wk inc hosp,2023-12-02,US,quantile,0.01,0
2023-11-04,4,wk inc hosp,2023-12-02,US,quantile,0.025,0
2023-11-04,4,wk inc hosp,2023-12-02,US,quantile,0.05,0
2023-11-04,4,wk inc hosp,2023-12-02,US,quantile,0.1,0
2023-11-04,4,wk inc hosp,2023-12-02,US,quantile,0.15,0
2023-11-04,4,wk inc hosp,2023-12-02,US,quantile,0.2,86.03652536525394
2023-11-04,4,wk inc hosp,2023-12-02,US,quantile,0.25,668.8341508415084
2023-11-04,4,wk inc hosp,2023-12-02,US,quantile,0.3,990.4663576635769
2023-11-04,4,wk inc hosp,2023-12-02,US,quantile,0.35,1194.7979399793956
2023-11-04,4,wk inc hosp,2023-12-02,US,quantile,0.4,1350.8449414494148
2023-11-04,4,wk inc hosp,2023-12-02,US,quantile,0.45,1482.8737832378326
2023-11-04,4,wk inc hosp,2023-12-02,US,quantile,0.5,1610
2023-11-04,4,wk inc hosp,2023-12-02,US,quantile,0.55,1736.7013125131257
2023-11-04,4,wk inc hosp,2023-12-02,US,quantile,0.6,1876.3652326523265
2023-11-04,4,wk inc hosp,2023-12-02,US,quantile,0.65,2034.6052840528407
2023-11-04,4,wk inc hosp,2023-12-02,US,quantile,0.7,2251.0891668916665
2023-11-04,4,wk inc hosp,2023-12-02,US,quantile,0.75,2615.9570445704467
2023-11-04,4,wk inc hosp,2023-12-02,US,quantile,0.8,3375.7578325783325
2023-11-04,4,wk inc hosp,2023-12-02,US,quantile,0.85,3984.9717222172208
2023-11-04,4,wk inc hosp,2023-12-02,US,quantile,0.9,4927.894021940216
2023-11-04,4,wk inc hosp,2023-12-02,US,quantile,0.95,8010.873614736137
2023-11-04,4,wk inc hosp,2023-12-02,US,quantile,0.975,9259.168314683127
2023-11-04,4,wk inc hosp,2023-12-02,US,quantile,0.99,10593.756318163165
